annus;mes;observaciones;código; título; unidad; fuente; notas
1985;1;                4176,00000;182501;BENEFICIARIOS DE PRESTACIONES. TRABAJADORES AGRICOLAS FIJOS;UNIDADES;MINISTERIO DE TRABAJO;www.mites.gob.es/estadisticas/PRD/NotasMetodologicas.pdf.  
1985;2;                4547,00000;;;;
1985;3;                4818,00000;;;;
1985;4;                4588,00000;;;;
1985;5;                4781,00000;;;;
1985;6;                4835,00000;;;;
1985;7;                4858,00000;;;;
1985;8;                5022,00000;;;;
1985;9;                5533,00000;;;;
1985;10;                5585,00000;;;;
1985;11;                5877,00000;;;;
1985;12;                5833,00000;;;;
1986;1;                5823,00000;;;;
1986;2;                5970,00000;;;;
1986;3;                4818,00000;;;;
1986;4;                6418,00000;;;;
1986;5;                6572,00000;;;;
1986;6;                6678,00000;;;;
1986;7;                6757,00000;;;;
1986;8;                6785,00000;;;;
1986;9;                6741,00000;;;;
1986;10;                6799,00000;;;;
1986;11;                7238,00000;;;;
1986;12;                7532,00000;;;;
1987;1;                7664,00000;;;;
1987;2;                7613,00000;;;;
1987;3;                7739,00000;;;;
1987;4;                7927,00000;;;;
1987;5;                7947,00000;;;;
1987;6;                8173,00000;;;;
1987;7;                8307,00000;;;;
1987;8;                8199,00000;;;;
1987;9;                7999,00000;;;;
1987;10;                7763,00000;;;;
1987;11;                7983,00000;;;;
1987;12;                7733,00000;;;;
1988;1;                7385,00000;;;;
1988;2;                7550,00000;;;;
1988;3;                7727,00000;;;;
1988;4;                7742,00000;;;;
1988;5;                7853,00000;;;;
1988;6;                7858,00000;;;;
1988;7;                7481,00000;;;;
1988;8;                7538,00000;;;;
1988;9;                7442,00000;;;;
1988;10;                7235,00000;;;;
1988;11;                7123,00000;;;;
1988;12;                7252,00000;;;;
1989;1;                7083,00000;;;;
1989;2;                7148,00000;;;;
1989;3;                7161,00000;;;;
1989;4;                7264,00000;;;;
1989;5;                7528,00000;;;;
1989;6;                7515,00000;;;;
1989;7;                7515,00000;;;;
1989;8;                7510,00000;;;;
1989;9;                7364,00000;;;;
1989;10;                7237,00000;;;;
1989;11;                7373,00000;;;;
1989;12;                7305,00000;;;;
1990;1;                7311,00000;;;;
1990;2;                7159,00000;;;;
1990;3;                7423,00000;;;;
1990;4;                7620,00000;;;;
1990;5;                7903,00000;;;;
1990;6;                8296,00000;;;;
1990;7;                8007,00000;;;;
1990;8;                7793,00000;;;;
1990;9;                7749,00000;;;;
1990;10;                7507,00000;;;;
1990;11;                7423,00000;;;;
1990;12;                7415,00000;;;;
1991;1;                7440,00000;;;;
1991;2;                7502,00000;;;;
1991;3;                7553,00000;;;;
1991;4;                7734,00000;;;;
1991;5;                8086,00000;;;;
1991;6;                8246,00000;;;;
1991;7;                8655,00000;;;;
1991;8;                8176,00000;;;;
1991;9;                7856,00000;;;;
1991;10;                7712,00000;;;;
1991;11;                7476,00000;;;;
1991;12;                7438,00000;;;;
1992;1;                7533,00000;;;;
1992;2;                7674,00000;;;;
1992;3;                8003,00000;;;;
1992;4;                7889,00000;;;;
1992;5;                8441,00000;;;;
1992;6;                8244,00000;;;;
1992;7;                8011,00000;;;;
1992;8;                8084,00000;;;;
1992;9;                8007,00000;;;;
1992;10;                7747,00000;;;;
1992;11;                7600,00000;;;;
1992;12;                7469,00000;;;;
1993;1;                7612,00000;;;;
1993;2;                7668,00000;;;;
1993;3;                7892,00000;;;;
1993;4;                8202,00000;;;;
1993;5;                8459,00000;;;;
1993;6;                8514,00000;;;;
1993;7;                9190,00000;;;;
1993;8;                9036,00000;;;;
1993;9;                8615,00000;;;;
1993;10;                7727,00000;;;;
1993;11;               11523,00000;;;;
1993;12;               11378,00000;;;;
1994;1;               11121,00000;;;;
1994;2;               11413,00000;;;;
1994;3;               12438,00000;;;;
1994;4;               13091,00000;;;;
1994;5;               13293,00000;;;;
1994;6;               14178,00000;;;;
1994;7;               14741,00000;;;;
1994;8;               14578,00000;;;;
1994;9;               12862,00000;;;;
1994;10;               11535,00000;;;;
1994;11;               10724,00000;;;;
1994;12;               10461,00000;;;;
1995;1;               10532,00000;;;;
1995;2;               11275,00000;;;;
1995;3;               11911,00000;;;;
1995;4;               12323,00000;;;;
1995;5;               12758,00000;;;;
1995;6;               13764,00000;;;;
1995;7;               14053,00000;;;;
1995;8;               13596,00000;;;;
1995;9;               11351,00000;;;;
1995;10;                9955,00000;;;;
1995;11;                9082,00000;;;;
1995;12;                9198,00000;;;;
1996;1;                9716,00000;;;;
1996;2;               10567,00000;;;;
1996;3;               11214,00000;;;;
1996;4;               11822,00000;;;;
1996;5;               12441,00000;;;;
1996;6;               13766,00000;;;;
1996;7;               14491,00000;;;;
1996;8;               13265,00000;;;;
1996;9;               10583,00000;;;;
1996;10;                8685,00000;;;;
1996;11;                7930,00000;;;;
1996;12;                7745,00000;;;;
1997;1;                8709,00000;;;;
1997;2;                9469,00000;;;;
1997;3;                9783,00000;;;;
1997;4;               11082,00000;;;;
1997;5;               12131,00000;;;;
1997;6;               13045,00000;;;;
1997;7;               14170,00000;;;;
1997;8;               12660,00000;;;;
1997;9;                9660,00000;;;;
1997;10;                7940,00000;;;;
1997;11;                7411,00000;;;;
1997;12;                7282,00000;;;;
1998;1;                8372,00000;;;;
1998;2;                9171,00000;;;;
1998;3;                9800,00000;;;;
1998;4;               10819,00000;;;;
1998;5;               12639,00000;;;;
1998;6;               12687,00000;;;;
1998;7;               13680,00000;;;;
1998;8;               12721,00000;;;;
1998;9;                9863,00000;;;;
1998;10;                7663,00000;;;;
1998;11;                6942,00000;;;;
1998;12;                6653,00000;;;;
1999;1;                7541,00000;;;;
1999;2;                8492,00000;;;;
1999;3;                9258,00000;;;;
1999;4;                9869,00000;;;;
1999;5;               11356,00000;;;;
1999;6;               13244,00000;;;;
1999;7;               13875,00000;;;;
1999;8;               11942,00000;;;;
1999;9;                9266,00000;;;;
1999;10;                7139,00000;;;;
1999;11;                6608,00000;;;;
1999;12;                6405,00000;;;;
2000;1;                6687,00000;;;;
2000;2;                7271,00000;;;;
2000;3;                8111,00000;;;;
2000;4;                8781,00000;;;;
2000;5;                9858,00000;;;;
2000;6;               13028,00000;;;;
2000;7;               13980,00000;;;;
2000;8;               12730,00000;;;;
2000;9;                9419,00000;;;;
2000;10;                6910,00000;;;;
2000;11;                6323,00000;;;;
2000;12;                6100,00000;;;;
2001;1;                6086,00000;;;;
2001;2;                6672,00000;;;;
2001;3;                7515,00000;;;;
2001;4;                8967,00000;;;;
2001;5;               10986,00000;;;;
2001;6;               13189,00000;;;;
2001;7;               13367,00000;;;;
2001;8;               11281,00000;;;;
2001;9;                8055,00000;;;;
2001;10;                6421,00000;;;;
2001;11;                5789,00000;;;;
2001;12;                5586,00000;;;;
2002;1;                5658,00000;;;;
2002;2;                6247,00000;;;;
2002;3;                7303,00000;;;;
2002;4;                8788,00000;;;;
2002;5;               10268,00000;;;;
2002;6;               11926,00000;;;;
2002;7;               11709,00000;;;;
2002;8;               10387,00000;;;;
2002;9;                7835,00000;;;;
2002;10;                5921,00000;;;;
2002;11;                5441,00000;;;;
2002;12;                5277,00000;;;;
2003;1;                5385,00000;;;;
2003;2;                5926,00000;;;;
2003;3;                6757,00000;;;;
2003;4;                7876,00000;;;;
2003;5;                9965,00000;;;;
2003;6;               12955,00000;;;;
2003;7;               13289,00000;;;;
2003;8;               13639,00000;;;;
2003;9;               12641,00000;;;;
2003;10;               12065,00000;;;;
2003;11;               13025,00000;;;;
2003;12;               13578,00000;;;;
2004;1;               13393,00000;;;;
2004;2;               13260,00000;;;;
2004;3;               13343,00000;;;;
2004;4;               14640,00000;;;;
2004;5;               17547,00000;;;;
2004;6;               20621,00000;;;;
2004;7;               21566,00000;;;;
2004;8;               20741,00000;;;;
2004;9;               18750,00000;;;;
2004;10;               17692,00000;;;;
2004;11;               18283,00000;;;;
2004;12;               17311,00000;;;;
2005;1;               16048,00000;;;;
2005;2;               16740,00000;;;;
2005;3;               17570,00000;;;;
2005;4;               18583,00000;;;;
2005;5;               21130,00000;;;;
2005;6;               23776,00000;;;;
2005;7;               25008,00000;;;;
2005;8;               23907,00000;;;;
2005;9;               21979,00000;;;;
2005;10;               20739,00000;;;;
2005;11;               20905,00000;;;;
2005;12;               19723,00000;;;;
2006;1;               19158,00000;;;;
2006;2;               20260,00000;;;;
2006;3;               22097,00000;;;;
2006;4;               22720,00000;;;;
2006;5;               24941,00000;;;;
2006;6;               27458,00000;;;;
2006;7;               29614,00000;;;;
2006;8;               28858,00000;;;;
2006;9;               25692,00000;;;;
2006;10;               24508,00000;;;;
2006;11;               24708,00000;;;;
2006;12;               23613,00000;;;;
2007;1;                4753,00000;;;;
2007;2;                5139,00000;;;;
2007;3;                5758,00000;;;;
2007;4;                6444,00000;;;;
2007;5;                8115,00000;;;;
2007;6;               10712,00000;;;;
2007;7;               11028,00000;;;;
2007;8;                9926,00000;;;;
2007;9;                7049,00000;;;;
2007;10;                5431,00000;;;;
2007;11;                5147,00000;;;;
2007;12;                5008,00000;;;;
2008;1;                5575,00000;;;;
2008;2;                5960,00000;;;;
2008;3;                6162,00000;;;;
2008;4;                7249,00000;;;;
2008;5;                9007,00000;;;;
2008;6;               10150,00000;;;;
2008;7;               10461,00000;;;;
2008;8;                9616,00000;;;;
2008;9;                7488,00000;;;;
2008;10;                6269,00000;;;;
2008;11;                6234,00000;;;;
2008;12;                6304,00000;;;;
2009;1;                7049,00000;;;;
2009;2;                7294,00000;;;;
2009;3;                7934,00000;;;;
2009;4;                9107,00000;;;;
2009;5;               10176,00000;;;;
2009;6;               12291,00000;;;;
2009;7;               12934,00000;;;;
2009;8;               12242,00000;;;;
2009;9;                9703,00000;;;;
2009;10;                7806,00000;;;;
2009;11;                7615,00000;;;;
2009;12;                7805,00000;;;;
2010;1;                8365,00000;;;;
2010;2;                9120,00000;;;;
2010;3;               10140,00000;;;;
2010;4;               11115,00000;;;;
2010;5;               12731,00000;;;;
2010;6;               14779,00000;;;;
2010;7;               14807,00000;;;;
2010;8;               13972,00000;;;;
2010;9;               10628,00000;;;;
2010;10;                9032,00000;;;;
2010;11;                8755,00000;;;;
2010;12;                9011,00000;;;;
2011;1;                9357,00000;;;;
2011;2;                9949,00000;;;;
2011;3;               10464,00000;;;;
2011;4;               11024,00000;;;;
2011;5;               11889,00000;;;;
2011;6;               14920,00000;;;;
2011;7;               15496,00000;;;;
2011;8;               14368,00000;;;;
2011;9;               11272,00000;;;;
2011;10;                9633,00000;;;;
2011;11;                9170,00000;;;;
2011;12;                9413,00000;;;;
2012;1;                9870,00000;;;;
2012;2;               10749,00000;;;;
2012;3;               11310,00000;;;;
2012;4;               12124,00000;;;;
2012;5;               14384,00000;;;;
2012;6;               17274,00000;;;;
2012;7;               17776,00000;;;;
2012;8;               16092,00000;;;;
2012;9;               13381,00000;;;;
2012;10;               11330,00000;;;;
2012;11;                9798,00000;;;;
2012;12;                9855,00000;;;;
2013;1;               10867,00000;;;;
2013;2;               11256,00000;;;;
2013;3;               11577,00000;;;;
2013;4;               12220,00000;;;;
2013;5;               14227,00000;;;;
2013;6;               17484,00000;;;;
2013;7;               17820,00000;;;;
2013;8;               16519,00000;;;;
2013;9;               12785,00000;;;;
2013;10;                9919,00000;;;;
2013;11;                9622,00000;;;;
2013;12;                9766,00000;;;;
2014;1;               10903,00000;;;;
2014;2;               11396,00000;;;;
2014;3;               11677,00000;;;;
2014;4;               11767,00000;;;;
2014;5;               13719,00000;;;;
2014;6;               17255,00000;;;;
2014;7;               17657,00000;;;;
2014;8;               16695,00000;;;;
2014;9;               12953,00000;;;;
2014;10;               10310,00000;;;;
2014;11;                9592,00000;;;;
2014;12;                9699,00000;;;;
2015;1;               10449,00000;;;;
2015;2;               10771,00000;;;;
2015;3;               10910,00000;;;;
2015;4;               11040,00000;;;;
2015;5;               12542,00000;;;;
2015;6;               16323,00000;;;;
2015;7;               16867,00000;;;;
2015;8;               16032,00000;;;;
2015;9;               12670,00000;;;;
2015;10;                9617,00000;;;;
2015;11;                9014,00000;;;;
2015;12;                9288,00000;;;;
2016;1;               10094,00000;;;;
2016;2;               10002,00000;;;;
2016;3;               10138,00000;;;;
2016;4;               10856,00000;;;;
2016;5;               13842,00000;;;;
2016;6;               16971,00000;;;;
2016;7;               16560,00000;;;;
2016;8;               15542,00000;;;;
2016;9;               11681,00000;;;;
2016;10;                9001,00000;;;;
2016;11;                8718,00000;;;;
2016;12;                8912,00000;;;;
2017;1;                9666,00000;;;;
2017;2;                9866,00000;;;;
2017;3;               10601,00000;;;;
2017;4;               10158,00000;;;;
2017;5;               11961,00000;;;;
2017;6;               15395,00000;;;;
2017;7;               15833,00000;;;;
2017;8;               15067,00000;;;;
2017;9;               11710,00000;;;;
2017;10;                9033,00000;;;;
2017;11;                8537,00000;;;;
2017;12;                9034,00000;;;;
2018;1;                9838,00000;;;;
2018;2;               10166,00000;;;;
2018;3;               10176,00000;;;;
2018;4;                9774,00000;;;;
2018;5;               11567,00000;;;;
2018;6;               11027,00000;;;;
2018;7;               11735,00000;;;;
2018;8;               11200,00000;;;;
2018;9;                8995,00000;;;;
2018;10;                6838,00000;;;;
2018;11;                6615,00000;;;;
2018;12;                6847,00000;;;;
2019;1;                7236,00000;;;;
2019;2;                7320,00000;;;;
2019;3;                7093,00000;;;;
2019;4;                6851,00000;;;;
2019;5;                8016,00000;;;;
2019;6;               11168,00000;;;;
2019;7;               13378,00000;;;;
2019;8;               13266,00000;;;;
2019;9;               10833,00000;;;;
2019;10;                8047,00000;;;;
2019;11;                8148,00000;;;;
2019;12;                8563,00000;;;;
2020;1;                9103,00000;;;;
2020;2;                8796,00000;;;;
2020;3;                8533,00000;;;;
2020;4;                8784,00000;;;;
2020;5;               11123,00000;;;;
2020;6;               14006,00000;;;;
2020;7;               15066,00000;;;;
2020;8;               14554,00000;;;;
2020;9;               10875,00000;;;;
2020;10;                8171,00000;;;;
2020;11;                7464,00000;;;;
2020;12;                8393,00000;;;;
2021;1;                9164,00000;;;;
2021;2;                8858,00000;;;;
2021;3;                8489,00000;;;;
2021;4;                8550,00000;;;;
2021;5;                9579,00000;;;;
2021;6;               13532,00000;;;;
2021;7;               15099,00000;;;;
2021;8;               15267,00000;;;;
2021;9;               11960,00000;;;;
2021;10;                8530,00000;;;;
2021;11;                8175,00000;;;;
2021;12;                9551,00000;;;;
2022;1;               10185,00000;;;;
2022;2;               10227,00000;;;;
2022;3;                8472,00000;;;;
2022;4;                8143,00000;;;;
2022;5;                9351,00000;;;;
2022;6;               14073,00000;;;;
2022;7;               15960,00000;;;;
2022;8;               16595,00000;;;;
2022;9;               15003,00000;;;;
2022;10;               11340,00000;;;;
2022;11;               11749,00000;;;;
2022;12;               13312,00000;;;;
2023;1;               14161,00000;;;;
2023;2;               14282,00000;;;;
2023;3;               13537,00000;;;;
2023;4;               12285,00000;;;;
2023;5;               15597,00000;;;;
2023;6;               22816,00000;;;;
2023;7;               27418,00000;;;;
2023;8;               28704,00000;;;;
2023;9;               24458,00000;;;;
2023;10;               20135,00000;;;;
2023;11;               20233,00000;;;;
2023;12;               22151,00000;;;;
2024;1;               22635,00000;;;;
2024;2;               21009,00000;;;;
 