annus;mes;observaciones;código; título; unidad; fuente; notas
2002;1;                  49,95500;4000451;IPC. ELECTRICIDAD (CLASE);ÍNDICE;INE;Índice de precios de consumo  (www.ine.es/dyngs/IOE/es/operacion.htm?numinv=30138).  
2002;2;                  49,95500;;;;
2002;3;                  49,95500;;;;
2002;4;                  49,95500;;;;
2002;5;                  49,95500;;;;
2002;6;                  49,95500;;;;
2002;7;                  49,95500;;;;
2002;8;                  49,95500;;;;
2002;9;                  49,95500;;;;
2002;10;                  49,95500;;;;
2002;11;                  49,95500;;;;
2002;12;                  49,95500;;;;
2003;1;                  50,68600;;;;
2003;2;                  50,68600;;;;
2003;3;                  50,68600;;;;
2003;4;                  50,68600;;;;
2003;5;                  50,68600;;;;
2003;6;                  50,68600;;;;
2003;7;                  50,68600;;;;
2003;8;                  50,68600;;;;
2003;9;                  50,68600;;;;
2003;10;                  50,68600;;;;
2003;11;                  50,68600;;;;
2003;12;                  50,68600;;;;
2004;1;                  51,41600;;;;
2004;2;                  51,41600;;;;
2004;3;                  51,41600;;;;
2004;4;                  51,41600;;;;
2004;5;                  51,41600;;;;
2004;6;                  51,41600;;;;
2004;7;                  51,41600;;;;
2004;8;                  51,41600;;;;
2004;9;                  51,41600;;;;
2004;10;                  51,41600;;;;
2004;11;                  51,41600;;;;
2004;12;                  51,41600;;;;
2005;1;                  52,29000;;;;
2005;2;                  52,29000;;;;
2005;3;                  52,29000;;;;
2005;4;                  52,29000;;;;
2005;5;                  52,29000;;;;
2005;6;                  52,29000;;;;
2005;7;                  52,29000;;;;
2005;8;                  52,29000;;;;
2005;9;                  52,29000;;;;
2005;10;                  52,29000;;;;
2005;11;                  52,29000;;;;
2005;12;                  52,29000;;;;
2006;1;                  54,58900;;;;
2006;2;                  54,58900;;;;
2006;3;                  54,58900;;;;
2006;4;                  54,58900;;;;
2006;5;                  54,58900;;;;
2006;6;                  54,58900;;;;
2006;7;                  55,01700;;;;
2006;8;                  55,01700;;;;
2006;9;                  55,01700;;;;
2006;10;                  55,01700;;;;
2006;11;                  55,01700;;;;
2006;12;                  55,01700;;;;
2007;1;                  56,52300;;;;
2007;2;                  56,52300;;;;
2007;3;                  56,52300;;;;
2007;4;                  56,52300;;;;
2007;5;                  56,52300;;;;
2007;6;                  56,52300;;;;
2007;7;                  56,52300;;;;
2007;8;                  56,52300;;;;
2007;9;                  56,52300;;;;
2007;10;                  56,52300;;;;
2007;11;                  56,52300;;;;
2007;12;                  56,52300;;;;
2008;1;                  58,35500;;;;
2008;2;                  58,35500;;;;
2008;3;                  58,35500;;;;
2008;4;                  58,35500;;;;
2008;5;                  58,35500;;;;
2008;6;                  58,35500;;;;
2008;7;                  62,28900;;;;
2008;8;                  62,28900;;;;
2008;9;                  62,28900;;;;
2008;10;                  62,28900;;;;
2008;11;                  62,28900;;;;
2008;12;                  62,28900;;;;
2009;1;                  64,59500;;;;
2009;2;                  64,59500;;;;
2009;3;                  64,59500;;;;
2009;4;                  64,59500;;;;
2009;5;                  64,59500;;;;
2009;6;                  64,59500;;;;
2009;7;                  66,22700;;;;
2009;8;                  66,22700;;;;
2009;9;                  66,22700;;;;
2009;10;                  66,22700;;;;
2009;11;                  66,22700;;;;
2009;12;                  66,22700;;;;
2010;1;                  67,24800;;;;
2010;2;                  67,24800;;;;
2010;3;                  67,24800;;;;
2010;4;                  67,24800;;;;
2010;5;                  67,24800;;;;
2010;6;                  67,24800;;;;
2010;7;                  68,40800;;;;
2010;8;                  68,40800;;;;
2010;9;                  68,40800;;;;
2010;10;                  71,44300;;;;
2010;11;                  71,44300;;;;
2010;12;                  71,44300;;;;
2011;1;                  77,32300;;;;
2011;2;                  77,32300;;;;
2011;3;                  77,32300;;;;
2011;4;                  77,32300;;;;
2011;5;                  77,32300;;;;
2011;6;                  77,32300;;;;
2011;7;                  78,29100;;;;
2011;8;                  78,29100;;;;
2011;9;                  78,29100;;;;
2011;10;                  78,29100;;;;
2011;11;                  78,29100;;;;
2011;12;                  78,29100;;;;
2012;1;                  78,29100;;;;
2012;2;                  78,29100;;;;
2012;3;                  78,29100;;;;
2012;4;                  84,60700;;;;
2012;5;                  84,60700;;;;
2012;6;                  84,63600;;;;
2012;7;                  87,53600;;;;
2012;8;                  87,53600;;;;
2012;9;                  89,71000;;;;
2012;10;                  88,03300;;;;
2012;11;                  88,03300;;;;
2012;12;                  88,03300;;;;
2013;1;                  84,30200;;;;
2013;2;                  84,30200;;;;
2013;3;                  84,30200;;;;
2013;4;                  79,04500;;;;
2013;5;                  79,04500;;;;
2013;6;                  79,04500;;;;
2013;7;                  79,99300;;;;
2013;8;                  82,61300;;;;
2013;9;                  82,61300;;;;
2013;10;                  84,80600;;;;
2013;11;                  84,80600;;;;
2013;12;                  84,80600;;;;
2014;1;                  86,03100;;;;
2014;2;                  86,47700;;;;
2014;3;                  86,47700;;;;
2014;4;                  86,47700;;;;
2014;5;                  86,47700;;;;
2014;6;                  84,62900;;;;
2014;7;                  83,00200;;;;
2014;8;                  84,94600;;;;
2014;9;                  89,54800;;;;
2014;10;                  88,93200;;;;
2014;11;                  85,02700;;;;
2014;12;                  85,47900;;;;
2015;1;                  88,51800;;;;
2015;2;                  83,95000;;;;
2015;3;                  83,59700;;;;
2015;4;                  84,90700;;;;
2015;5;                  83,68900;;;;
2015;6;                  87,57900;;;;
2015;7;                  90,13600;;;;
2015;8;                  87,18100;;;;
2015;9;                  83,90500;;;;
2015;10;                  83,22600;;;;
2015;11;                  85,40700;;;;
2015;12;                  86,13000;;;;
2016;1;                  77,01000;;;;
2016;2;                  72,03800;;;;
2016;3;                  71,71600;;;;
2016;4;                  69,45700;;;;
2016;5;                  69,96100;;;;
2016;6;                  75,75700;;;;
2016;7;                  76,73300;;;;
2016;8;                  77,34800;;;;
2016;9;                  78,31200;;;;
2016;10;                  83,99100;;;;
2016;11;                  85,89700;;;;
2016;12;                  89,36000;;;;
2017;1;                  97,21300;;;;
2017;2;                  85,68300;;;;
2017;3;                  80,66100;;;;
2017;4;                  80,69700;;;;
2017;5;                  81,29800;;;;
2017;6;                  82,08900;;;;
2017;7;                  81,50500;;;;
2017;8;                  81,50900;;;;
2017;9;                  81,79200;;;;
2017;10;                  86,85700;;;;
2017;11;                  88,91700;;;;
2017;12;                  89,18200;;;;
2018;1;                  84,57600;;;;
2018;2;                  86,08400;;;;
2018;3;                  79,55900;;;;
2018;4;                  80,08800;;;;
2018;5;                  85,23300;;;;
2018;6;                  86,52200;;;;
2018;7;                  88,09900;;;;
2018;8;                  90,27800;;;;
2018;9;                  92,98800;;;;
2018;10;                  90,14800;;;;
2018;11;                  89,20400;;;;
2018;12;                  89,64800;;;;
2019;1;                  89,35500;;;;
2019;2;                  85,17900;;;;
2019;3;                  82,37400;;;;
2019;4;                  83,05200;;;;
2019;5;                  81,04500;;;;
2019;6;                  79,78100;;;;
2019;7;                  81,83100;;;;
2019;8;                  78,82100;;;;
2019;9;                  77,13300;;;;
2019;10;                  80,18300;;;;
2019;11;                  78,89500;;;;
2019;12;                  74,91400;;;;
2020;1;                  78,17500;;;;
2020;2;                  74,88800;;;;
2020;3;                  70,66100;;;;
2020;4;                  66,55500;;;;
2020;5;                  67,27600;;;;
2020;6;                  71,19400;;;;
2020;7;                  73,13700;;;;
2020;8;                  74,18900;;;;
2020;9;                  77,04900;;;;
2020;10;                  74,97800;;;;
2020;11;                  77,58100;;;;
2020;12;                  79,34500;;;;
2021;1;                  89,97200;;;;
2021;2;                  72,53300;;;;
2021;3;                  80,96300;;;;
2021;4;                  91,13200;;;;
2021;5;                  91,71900;;;;
2021;6;                  97,62100;;;;
2021;7;                  92,78300;;;;
2021;8;                 100,05300;;;;
2021;9;                 110,93600;;;;
2021;10;                 122,05700;;;;
2021;11;                 113,77300;;;;
2021;12;                 136,45700;;;;
2022;1;                 131,71000;;;;
2022;2;                 130,93100;;;;
2022;3;                 168,26100;;;;
2022;4;                 122,94000;;;;
2022;5;                 119,39900;;;;
2022;6;                 130,23800;;;;
2022;7;                 138,59600;;;;
2022;8;                 160,65000;;;;
2022;9;                 133,36900;;;;
2022;10;                 103,30100;;;;
2022;11;                  88,26200;;;;
2022;12;                  94,41600;;;;
2023;1;                  77,93800;;;;
2023;2;                  87,73300;;;;
2023;3;                  81,17500;;;;
2023;4;                  78,47500;;;;
2023;5;                  77,72500;;;;
2023;6;                  80,68100;;;;
2023;7;                  80,50400;;;;
2023;8;                  80,96600;;;;
2023;9;                  82,27300;;;;
2023;10;                  80,54600;;;;
2023;11;                  76,22200;;;;
2023;12;                  78,07800;;;;
2024;1;                  85,38500;;;;
2024;2;                  80,98400;;;;
 