annus;mes;observaciones;código; título; unidad; fuente; notas
1988;1;                 688,49543;524322;IMPORTACION. CUCI. GRUPO. BRIQUETAS, LIGNITO Y TURBA;MILES DE EUROS;AEAT;Estadística de comercio exterior de bienes  (https://sede.agenciatributaria.gob.es/Sede/estadisticas.html). Grupo CUCI  322. CUCI: CLASIFICACION UNFORME PARA EL COMERCIO INTERNACIONAL DE LA ONU. 
1988;2;                 891,65555;;;;
1988;3;                1212,20535;;;;
1988;4;                 451,34807;;;;
1988;5;                 972,68400;;;;
1988;6;                 741,49267;;;;
1988;7;                 703,03391;;;;
1988;8;                 772,76333;;;;
1988;9;                 437,38656;;;;
1988;10;                 701,78380;;;;
1988;11;                1008,57644;;;;
1988;12;                 721,40084;;;;
1989;1;                 706,21326;;;;
1989;2;                 612,74987;;;;
1989;3;                 631,91615;;;;
1989;4;                 968,63919;;;;
1989;5;                1389,25751;;;;
1989;6;                1067,33139;;;;
1989;7;                1401,19361;;;;
1989;8;                 850,52228;;;;
1989;9;                 452,53807;;;;
1989;10;                1376,99085;;;;
1989;11;                1179,46822;;;;
1989;12;                 665,45262;;;;
1990;1;                 993,14846;;;;
1990;2;                1120,80343;;;;
1990;3;                1481,55494;;;;
1990;4;                1495,76887;;;;
1990;5;                2925,79304;;;;
1990;6;                1552,31810;;;;
1990;7;                1956,05399;;;;
1990;8;                 975,91744;;;;
1990;9;                 840,02861;;;;
1990;10;                1097,95295;;;;
1990;11;                1040,05746;;;;
1990;12;                 521,60639;;;;
1991;1;                 813,39776;;;;
1991;2;                 557,41469;;;;
1991;3;                 722,19417;;;;
1991;4;                1043,14666;;;;
1991;5;                 923,67747;;;;
1991;6;                 956,39056;;;;
1991;7;                 744,08905;;;;
1991;8;                 852,95037;;;;
1991;9;                 605,91636;;;;
1991;10;                1221,69533;;;;
1991;11;                 959,46774;;;;
1991;12;                 829,20438;;;;
1992;1;                 759,05425;;;;
1992;2;                 806,19764;;;;
1992;3;                 894,55243;;;;
1992;4;                 905,07014;;;;
1992;5;                 892,64722;;;;
1992;6;                 966,78020;;;;
1992;7;                1088,16848;;;;
1992;8;                 796,99614;;;;
1992;9;                 602,01874;;;;
1992;10;                 837,00894;;;;
1992;11;                 810,39703;;;;
1992;12;                1486,07641;;;;
1993;1;                 530,19110;;;;
1993;2;                 818,91163;;;;
1993;3;                 727,18402;;;;
1993;4;                 741,09421;;;;
1993;5;                 775,23751;;;;
1993;6;                1006,74973;;;;
1993;7;                 945,82867;;;;
1993;8;                 840,50940;;;;
1993;9;                 616,59998;;;;
1993;10;                 823,75390;;;;
1993;11;                 827,26496;;;;
1993;12;                 696,96660;;;;
1994;1;                 646,82557;;;;
1994;2;                 838,78631;;;;
1994;3;                1228,22237;;;;
1994;4;                1228,33539;;;;
1994;5;                1413,26046;;;;
1994;6;                1634,28175;;;;
1994;7;                 872,01507;;;;
1994;8;                1120,19042;;;;
1994;9;                 963,50419;;;;
1994;10;                 985,30435;;;;
1994;11;                 932,14703;;;;
1994;12;                1483,70578;;;;
1995;1;                 996,92803;;;;
1995;2;                1026,85614;;;;
1995;3;                1385,49892;;;;
1995;4;                1301,80037;;;;
1995;5;                1070,98020;;;;
1995;6;                1015,11758;;;;
1995;7;                1354,11557;;;;
1995;8;                1664,74739;;;;
1995;9;                 898,42672;;;;
1995;10;                1020,72108;;;;
1995;11;                1733,93260;;;;
1995;12;                1091,78731;;;;
1996;1;                 855,74124;;;;
1996;2;                1127,03560;;;;
1996;3;                1057,54574;;;;
1996;4;                1942,80067;;;;
1996;5;                1907,76835;;;;
1996;6;                1670,68489;;;;
1996;7;                1265,87076;;;;
1996;8;                1091,59660;;;;
1996;9;                1346,21981;;;;
1996;10;                1358,27689;;;;
1996;11;                1519,40785;;;;
1996;12;                1098,44169;;;;
1997;1;                 973,50251;;;;
1997;2;                1412,77122;;;;
1997;3;                1208,84181;;;;
1997;4;                1971,23401;;;;
1997;5;                1934,95291;;;;
1997;6;                1438,67561;;;;
1997;7;                1182,50635;;;;
1997;8;                1419,44142;;;;
1997;9;                1467,42004;;;;
1997;10;                 994,63350;;;;
1997;11;                1420,33802;;;;
1997;12;                1944,79492;;;;
1998;1;                 982,79308;;;;
1998;2;                1452,85203;;;;
1998;3;                2331,05121;;;;
1998;4;                1445,78998;;;;
1998;5;                2088,34284;;;;
1998;6;                1716,62485;;;;
1998;7;                1538,54286;;;;
1998;8;                1332,32388;;;;
1998;9;                1382,97829;;;;
1998;10;                1309,63665;;;;
1998;11;                1563,25805;;;;
1998;12;                1842,37989;;;;
1999;1;                1183,22158;;;;
1999;2;                1318,49243;;;;
1999;3;                1882,35440;;;;
1999;4;                2322,08550;;;;
1999;5;                1854,31868;;;;
1999;6;                2244,35344;;;;
1999;7;                1773,87950;;;;
1999;8;                1758,21134;;;;
1999;9;                1371,10971;;;;
1999;10;                1708,39297;;;;
1999;11;                1604,40678;;;;
1999;12;                1618,55485;;;;
2000;1;                1363,77167;;;;
2000;2;                1478,66380;;;;
2000;3;                2349,41819;;;;
2000;4;                1782,38852;;;;
2000;5;                1929,67072;;;;
2000;6;                2004,86352;;;;
2000;7;                1885,57726;;;;
2000;8;                1891,91588;;;;
2000;9;                1362,24441;;;;
2000;10;                1774,57267;;;;
2000;11;                1418,70887;;;;
2000;12;                2146,52123;;;;
2001;1;                1371,32092;;;;
2001;2;                1930,38810;;;;
2001;3;                2151,38838;;;;
2001;4;                1905,56317;;;;
2001;5;                2617,21454;;;;
2001;6;                2189,79997;;;;
2001;7;                2349,16213;;;;
2001;8;                2149,41283;;;;
2001;9;                1607,21542;;;;
2001;10;                1652,62623;;;;
2001;11;                1766,28906;;;;
2001;12;                1884,05372;;;;
2002;1;                1556,51935;;;;
2002;2;                1759,16424;;;;
2002;3;                1948,41761;;;;
2002;4;                1958,55072;;;;
2002;5;                2450,27564;;;;
2002;6;                1992,31565;;;;
2002;7;                3232,92070;;;;
2002;8;                2796,99484;;;;
2002;9;                1771,54761;;;;
2002;10;                2222,85697;;;;
2002;11;                1213,80706;;;;
2002;12;                2882,60437;;;;
2003;1;                1561,50340;;;;
2003;2;                2071,72183;;;;
2003;3;                2343,80816;;;;
2003;4;                2401,31418;;;;
2003;5;                2877,32515;;;;
2003;6;                2789,16437;;;;
2003;7;                2370,31777;;;;
2003;8;                2502,95592;;;;
2003;9;                1990,52244;;;;
2003;10;                1682,34219;;;;
2003;11;                2581,50012;;;;
2003;12;                2545,98573;;;;
2004;1;                2071,76711;;;;
2004;2;                2179,36507;;;;
2004;3;                2415,10470;;;;
2004;4;                2275,58524;;;;
2004;5;                2485,73272;;;;
2004;6;                2358,01686;;;;
2004;7;                2134,94522;;;;
2004;8;                1867,14273;;;;
2004;9;                2281,03732;;;;
2004;10;                1581,79217;;;;
2004;11;                2155,62439;;;;
2004;12;                2711,91976;;;;
2005;1;                2094,72400;;;;
2005;2;                1653,09300;;;;
2005;3;                1823,67500;;;;
2005;4;                2461,27900;;;;
2005;5;                2783,19200;;;;
2005;6;                3077,93500;;;;
2005;7;                2290,24600;;;;
2005;8;                3389,06200;;;;
2005;9;                1949,46700;;;;
2005;10;                2099,79900;;;;
2005;11;                2223,29100;;;;
2005;12;                2778,02100;;;;
2006;1;                1941,96900;;;;
2006;2;                2180,59200;;;;
2006;3;                2983,28300;;;;
2006;4;                2395,82000;;;;
2006;5;                3583,86400;;;;
2006;6;                2947,95700;;;;
2006;7;                2270,65100;;;;
2006;8;                2487,78900;;;;
2006;9;                2759,91500;;;;
2006;10;                2450,06300;;;;
2006;11;                2652,34000;;;;
2006;12;                2145,17200;;;;
2007;1;                1851,56600;;;;
2007;2;                1711,71200;;;;
2007;3;                2800,54200;;;;
2007;4;                3018,40600;;;;
2007;5;                3138,36100;;;;
2007;6;                3195,16600;;;;
2007;7;                2134,96000;;;;
2007;8;                2915,97800;;;;
2007;9;                2010,84600;;;;
2007;10;                2201,03600;;;;
2007;11;                2180,41600;;;;
2007;12;                2921,85000;;;;
2008;1;                2139,33400;;;;
2008;2;                2547,40200;;;;
2008;3;                2741,32900;;;;
2008;4;                2499,16400;;;;
2008;5;                2957,74900;;;;
2008;6;                2328,18900;;;;
2008;7;                2851,58300;;;;
2008;8;                2257,01000;;;;
2008;9;                2093,82300;;;;
2008;10;                2421,80500;;;;
2008;11;                1827,38100;;;;
2008;12;                2082,18200;;;;
2009;1;                1638,46800;;;;
2009;2;                1890,10600;;;;
2009;3;                2320,56900;;;;
2009;4;                2932,84800;;;;
2009;5;                2484,74600;;;;
2009;6;                2638,98600;;;;
2009;7;                2726,14600;;;;
2009;8;                2331,23800;;;;
2009;9;                2332,37300;;;;
2009;10;                1989,80400;;;;
2009;11;                2276,32100;;;;
2009;12;                2262,06600;;;;
2010;1;                2148,03100;;;;
2010;2;                1999,33800;;;;
2010;3;                2649,63900;;;;
2010;4;                2744,81900;;;;
2010;5;                3211,16500;;;;
2010;6;                3176,90000;;;;
2010;7;                2774,09200;;;;
2010;8;                2869,71400;;;;
2010;9;                2083,89400;;;;
2010;10;                2211,31400;;;;
2010;11;                1990,48800;;;;
2010;12;                1575,05400;;;;
2011;1;                2594,28500;;;;
2011;2;                2723,96600;;;;
2011;3;                2767,55800;;;;
2011;4;                3033,92000;;;;
2011;5;                3058,22300;;;;
2011;6;                2944,63400;;;;
2011;7;                1834,89000;;;;
2011;8;                3742,44200;;;;
2011;9;                2082,15300;;;;
2011;10;                5708,48000;;;;
2011;11;                1931,92000;;;;
2011;12;                1902,30600;;;;
2012;1;                2249,86700;;;;
2012;2;                2286,20500;;;;
2012;3;                2409,19600;;;;
2012;4;                2347,48000;;;;
2012;5;                2324,11200;;;;
2012;6;                2997,00100;;;;
2012;7;                2146,35100;;;;
2012;8;                1974,72200;;;;
2012;9;                1443,06800;;;;
2012;10;                1608,38500;;;;
2012;11;                1538,76100;;;;
2012;12;                1531,38300;;;;
2013;1;                1595,01500;;;;
2013;2;                3623,96600;;;;
2013;3;                3446,10500;;;;
2013;4;                2130,21600;;;;
2013;5;                2326,63100;;;;
2013;6;                2421,29000;;;;
2013;7;                2273,22100;;;;
2013;8;                2339,14300;;;;
2013;9;                2127,59400;;;;
2013;10;                2015,65600;;;;
2013;11;                1929,25800;;;;
2013;12;                1615,76600;;;;
2014;1;                1882,48200;;;;
2014;2;                2866,24400;;;;
2014;3;                2173,50200;;;;
2014;4;                2093,98300;;;;
2014;5;                2908,50100;;;;
2014;6;                3433,34100;;;;
2014;7;                2830,16900;;;;
2014;8;                2058,60200;;;;
2014;9;                2232,18400;;;;
2014;10;                2215,99600;;;;
2014;11;                2026,59000;;;;
2014;12;                2085,83600;;;;
2015;1;                2149,71500;;;;
2015;2;                2550,00300;;;;
2015;3;                3041,97300;;;;
2015;4;                2955,51600;;;;
2015;5;                3069,68900;;;;
2015;6;                3185,83300;;;;
2015;7;                3468,62100;;;;
2015;8;                2619,83900;;;;
2015;9;                2042,73000;;;;
2015;10;                2024,32800;;;;
2015;11;                2224,69800;;;;
2015;12;                2140,36300;;;;
2016;1;                2430,78400;;;;
2016;2;                3128,29900;;;;
2016;3;                2869,79600;;;;
2016;4;                2739,01200;;;;
2016;5;                3279,14100;;;;
2016;6;                3283,24500;;;;
2016;7;                3300,50800;;;;
2016;8;                2434,69900;;;;
2016;9;                2583,01300;;;;
2016;10;                2068,04200;;;;
2016;11;                2651,89600;;;;
2016;12;                2236,51400;;;;
2017;1;                2304,46900;;;;
2017;2;                2788,59800;;;;
2017;3;                3840,27000;;;;
2017;4;                3567,43600;;;;
2017;5;                4474,57900;;;;
2017;6;                3574,46800;;;;
2017;7;                2603,05900;;;;
2017;8;                3320,45800;;;;
2017;9;                2550,95900;;;;
2017;10;                2811,41300;;;;
2017;11;                2561,52400;;;;
2017;12;                2673,20700;;;;
2018;1;                2461,69900;;;;
2018;2;                3486,91300;;;;
2018;3;                3347,48400;;;;
2018;4;                3542,60800;;;;
2018;5;                3868,56000;;;;
2018;6;                4735,40200;;;;
2018;7;                4025,98400;;;;
2018;8;                4064,98200;;;;
2018;9;                3041,43700;;;;
2018;10;                2767,05400;;;;
2018;11;                2596,30600;;;;
2018;12;                2495,24600;;;;
2019;1;                3593,24600;;;;
2019;2;                3101,93600;;;;
2019;3;                4178,45600;;;;
2019;4;                3960,16700;;;;
2019;5;                3814,73200;;;;
2019;6;                3518,91100;;;;
2019;7;                3923,62700;;;;
2019;8;                2763,67300;;;;
2019;9;                2976,78500;;;;
2019;10;                3135,35600;;;;
2019;11;                2564,39700;;;;
2019;12;                2638,67000;;;;
2020;1;                3351,47900;;;;
2020;2;                3469,54900;;;;
2020;3;                4816,20300;;;;
2020;4;                2354,58500;;;;
2020;5;                4076,79000;;;;
2020;6;                5035,09400;;;;
2020;7;                3962,59200;;;;
2020;8;                4080,28500;;;;
2020;9;                3324,57300;;;;
2020;10;                3335,48000;;;;
2020;11;                3742,44600;;;;
2020;12;                3566,46000;;;;
2021;1;                3467,15600;;;;
2021;2;                4307,20500;;;;
2021;3;                5879,13800;;;;
2021;4;                5998,49400;;;;
2021;5;                5219,76700;;;;
2021;6;                5993,05600;;;;
2021;7;                4340,90800;;;;
2021;8;                3489,48300;;;;
2021;9;                4643,40000;;;;
2021;10;                3516,84100;;;;
2021;11;                4891,62200;;;;
2021;12;                4253,11600;;;;
2022;1;                4542,54100;;;;
2022;2;                5329,47700;;;;
2022;3;                5016,68000;;;;
2022;4;                5502,55900;;;;
2022;5;                6049,98200;;;;
2022;6;                5338,76000;;;;
2022;7;                9634,75900;;;;
2022;8;                6265,16300;;;;
2022;9;                3658,26900;;;;
2022;10;                2912,33200;;;;
2022;11;                4041,99100;;;;
2022;12;                3554,65000;;;;
2023;1;                4074,57100;;;;
2023;2;                4409,70700;;;;
2023;3;                5081,82700;;;;
2023;4;                4405,47700;;;;
2023;5;                7058,02600;;;;
2023;6;                4553,53900;;;;
2023;7;                3658,32300;;;;
2023;8;                3895,51800;;;;
2023;9;               15721,24400;;;;
2023;10;                3979,51400;;;;
2023;11;                4268,95600;;;;
2023;12;                4131,05800;;;;
2024;1;                4667,07100;;;;
 