annus;mes;observaciones;código; título; unidad; fuente; notas
2000;1;                  52,75562;551cpa104;IVU. EXPORTACION. CPA. GRUPO. ACEITES Y GRASAS VEGETALES Y ANIMALES;ÍNDICE;ELABORACIÓN PROPIA;Índices de valor unitario (metodología disponible en  https://portal.mineco.gob.es/es-es/economiayempresa/EconomiaInformesMacro).  CPA: CLASIFICACION DE PRODUCTOS POR ACTIVIDADES.   
2000;2;                  60,42859;;;;
2000;3;                  56,05852;;;;
2000;4;                  55,11407;;;;
2000;5;                  56,86957;;;;
2000;6;                  50,56259;;;;
2000;7;                  48,05473;;;;
2000;8;                  49,84758;;;;
2000;9;                  54,54847;;;;
2000;10;                  54,49511;;;;
2000;11;                  52,13133;;;;
2000;12;                  54,59650;;;;
2001;1;                  45,18810;;;;
2001;2;                  44,86181;;;;
2001;3;                  45,22019;;;;
2001;4;                  48,03375;;;;
2001;5;                  48,70772;;;;
2001;6;                  47,63793;;;;
2001;7;                  47,02815;;;;
2001;8;                  45,69625;;;;
2001;9;                  48,64888;;;;
2001;10;                  50,40869;;;;
2001;11;                  51,14685;;;;
2001;12;                  53,53784;;;;
2002;1;                  49,23630;;;;
2002;2;                  55,09674;;;;
2002;3;                  55,65487;;;;
2002;4;                  57,15607;;;;
2002;5;                  52,25313;;;;
2002;6;                  55,30363;;;;
2002;7;                  55,19778;;;;
2002;8;                  54,99088;;;;
2002;9;                  53,47525;;;;
2002;10;                  51,37262;;;;
2002;11;                  56,27075;;;;
2002;12;                  53,48488;;;;
2003;1;                  54,42145;;;;
2003;2;                  56,03514;;;;
2003;3;                  55,94309;;;;
2003;4;                  56,08929;;;;
2003;5;                  54,44853;;;;
2003;6;                  56,86365;;;;
2003;7;                  59,41956;;;;
2003;8;                  53,08934;;;;
2003;9;                  64,42850;;;;
2003;10;                  57,97374;;;;
2003;11;                  66,77864;;;;
2003;12;                  63,94656;;;;
2004;1;                  61,19091;;;;
2004;2;                  62,68166;;;;
2004;3;                  63,17273;;;;
2004;4;                  65,36501;;;;
2004;5;                  66,96683;;;;
2004;6;                  65,76254;;;;
2004;7;                  68,55112;;;;
2004;8;                  68,93112;;;;
2004;9;                  62,78689;;;;
2004;10;                  65,11363;;;;
2004;11;                  65,17209;;;;
2004;12;                  62,86873;;;;
2005;1;                  67,04654;;;;
2005;2;                  67,25951;;;;
2005;3;                  71,37433;;;;
2005;4;                  68,96324;;;;
2005;5;                  73,67894;;;;
2005;6;                  74,50038;;;;
2005;7;                  76,77457;;;;
2005;8;                  75,88467;;;;
2005;9;                  81,48266;;;;
2005;10;                  84,16756;;;;
2005;11;                  84,19038;;;;
2005;12;                  87,39249;;;;
2006;1;                  96,01004;;;;
2006;2;                  98,37549;;;;
2006;3;                  99,00679;;;;
2006;4;                 103,20528;;;;
2006;5;                  92,79272;;;;
2006;6;                  93,53050;;;;
2006;7;                  88,59423;;;;
2006;8;                  92,51890;;;;
2006;9;                  86,37329;;;;
2006;10;                  79,05635;;;;
2006;11;                  79,74850;;;;
2006;12;                  79,37580;;;;
2007;1;                  79,01832;;;;
2007;2;                  78,21970;;;;
2007;3;                  78,49351;;;;
2007;4;                  74,95674;;;;
2007;5;                  76,35624;;;;
2007;6;                  78,00673;;;;
2007;7;                  74,43193;;;;
2007;8;                  69,60214;;;;
2007;9;                  69,99005;;;;
2007;10;                  70,37035;;;;
2007;11;                  73,76261;;;;
2007;12;                  62,59706;;;;
2008;1;                  68,14180;;;;
2008;2;                  73,76261;;;;
2008;3;                  76,62245;;;;
2008;4;                  72,78904;;;;
2008;5;                  69,69342;;;;
2008;6;                  75,25337;;;;
2008;7;                  74,46996;;;;
2008;8;                  70,72783;;;;
2008;9;                  70,51486;;;;
2008;10;                  72,25663;;;;
2008;11;                  70,81910;;;;
2008;12;                  70,92558;;;;
2009;1;                  64,20952;;;;
2009;2;                  64,16388;;;;
2009;3;                  62,74157;;;;
2009;4;                  60,46739;;;;
2009;5;                  53,94908;;;;
2009;6;                  57,74445;;;;
2009;7;                  59,55467;;;;
2009;8;                  61,75279;;;;
2009;9;                  62,80242;;;;
2009;10;                  68,31674;;;;
2009;11;                  67,79193;;;;
2009;12;                  59,50143;;;;
2010;1;                  57,19682;;;;
2010;2;                  61,94294;;;;
2010;3;                  65,78395;;;;
2010;4;                  63,83683;;;;
2010;5;                  60,74120;;;;
2010;6;                  55,20406;;;;
2010;7;                  54,89982;;;;
2010;8;                  50,42752;;;;
2010;9;                  59,99582;;;;
2010;10;                  59,31889;;;;
2010;11;                  58,43659;;;;
2010;12;                  62,55903;;;;
2011;1;                  54,45107;;;;
2011;2;                  58,10954;;;;
2011;3;                  59,23522;;;;
2011;4;                  62,61227;;;;
2011;5;                  61,89731;;;;
2011;6;                  58,43659;;;;
2011;7;                  59,76764;;;;
2011;8;                  58,88535;;;;
2011;9;                  61,31165;;;;
2011;10;                  59,50904;;;;
2011;11;                  53,67526;;;;
2011;12;                  56,51229;;;;
2012;1;                  58,27687;;;;
2012;2;                  56,08635;;;;
2012;3;                  52,77776;;;;
2012;4;                  54,59558;;;;
2012;5;                  56,42102;;;;
2012;6;                  53,06679;;;;
2012;7;                  58,36814;;;;
2012;8;                  54,15444;;;;
2012;9;                  62,30803;;;;
2012;10;                  62,09506;;;;
2012;11;                  62,61227;;;;
2012;12;                  67,62460;;;;
2013;1;                  67,95926;;;;
2013;2;                  73,84627;;;;
2013;3;                  75,10886;;;;
2013;4;                  75,80861;;;;
2013;5;                  78,17406;;;;
2013;6;                  77,14726;;;;
2013;7;                  74,41672;;;;
2013;8;                  71,95239;;;;
2013;9;                  75,28380;;;;
2013;10;                  69,93681;;;;
2013;11;                  60,74120;;;;
2013;12;                  69,50327;;;;
2014;1;                  62,58184;;;;
2014;2;                  61,24319;;;;
2014;3;                  63,31202;;;;
2014;4;                  60,55105;;;;
2014;5;                  61,63870;;;;
2014;6;                  61,75279;;;;
2014;7;                  60,65754;;;;
2014;8;                  63,98895;;;;
2014;9;                  67,76150;;;;
2014;10;                  70,57571;;;;
2014;11;                  70,11935;;;;
2014;12;                  78,11321;;;;
2015;1;                  77,68728;;;;
2015;2;                  79,92343;;;;
2015;3;                  82,41058;;;;
2015;4;                  84,18277;;;;
2015;5;                  84,70758;;;;
2015;6;                  85,92454;;;;
2015;7;                  83,71881;;;;
2015;8;                  87,86406;;;;
2015;9;                  88,59423;;;;
2015;10;                  87,59024;;;;
2015;11;                  86,95895;;;;
2015;12;                  87,37727;;;;
2016;1;                  83,90896;;;;
2016;2;                  83,55908;;;;
2016;3;                  82,75285;;;;
2016;4;                  82,06071;;;;
2016;5;                  81,04912;;;;
2016;6;                  80,69924;;;;
2016;7;                  79,42905;;;;
2016;8;                  83,08751;;;;
2016;9;                  82,49425;;;;
2016;10;                  81,70323;;;;
2016;11;                  79,62680;;;;
2016;12;                  81,80211;;;;
2017;1;                  85,88651;;;;
2017;2;                  90,72390;;;;
2017;3;                  89,62864;;;;
2017;4;                  91,10420;;;;
2017;5;                  93,83474;;;;
2017;6;                  95,69059;;;;
2017;7;                  95,78186;;;;
2017;8;                  95,94919;;;;
2017;9;                  95,42438;;;;
2017;10;                  91,44646;;;;
2017;11;                  93,46204;;;;
2017;12;                  91,13462;;;;
2018;1;                  96,66415;;;;
2018;2;                  90,52614;;;;
2018;3;                  88,07702;;;;
2018;4;                  86,73077;;;;
2018;5;                  83,33090;;;;
2018;6;                  81,97704;;;;
2018;7;                  82,10634;;;;
2018;8;                  81,91619;;;;
2018;9;                  77,55037;;;;
2018;10;                  77,68728;;;;
2018;11;                  77,83940;;;;
2018;12;                  78,02194;;;;
2019;1;                  75,20774;;;;
2019;2;                  75,34465;;;;
2019;3;                  74,13530;;;;
2019;4;                  72,41635;;;;
2019;5;                  70,84192;;;;
2019;6;                  70,21823;;;;
2019;7;                  68,15701;;;;
2019;8;                  67,49529;;;;
2019;9;                  64,74954;;;;
2019;10;                  67,57896;;;;
2019;11;                  65,23632;;;;
2019;12;                  65,35041;;;;
2020;1;                  64,31600;;;;
2020;2;                  66,27073;;;;
2020;3;                  65,17548;;;;
2020;4;                  64,70391;;;;
2020;5;                  64,87124;;;;
2020;6;                  65,60902;;;;
2020;7;                  63,91289;;;;
2020;8;                  63,75316;;;;
2020;9;                  62,60466;;;;
2020;10;                  65,86762;;;;
2020;11;                  65,60902;;;;
2020;12;                  67,71587;;;;
2021;1;                  66,04256;;;;
2021;2;                  70,26386;;;;
2021;3;                  70,99404;;;;
2021;4;                  72,08929;;;;
2021;5;                  75,96073;;;;
2021;6;                  78,21970;;;;
2021;7;                  79,84737;;;;
2021;8;                  80,04513;;;;
2021;9;                  83,39936;;;;
2021;10;                  84,21320;;;;
2021;11;                  82,57791;;;;
2021;12;                  83,99262;;;;
2022;1;                  87,21755;;;;
2022;2;                  88,03139;;;;
2022;3;                  93,63698;;;;
2022;4;                  96,16216;;;;
2022;5;                 102,00354;;;;
2022;6;                  99,50878;;;;
2022;7;                 101,63845;;;;
2022;8;                 101,72972;;;;
2022;9;                 106,53669;;;;
2022;10;                 107,39616;;;;
2022;11;                 107,89055;;;;
2022;12;                 108,24803;;;;
2023;1;                 113,17669;;;;
2023;2;                 112,24877;;;;
2023;3;                 121,51283;;;;
2023;4;                 123,17092;;;;
2023;5;                 126,91306;;;;
2023;6;                 126,22852;;;;
2023;7;                 127,14884;;;;
2023;8;                 133,40094;;;;
2023;9;                 146,76461;;;;
2023;10;                 142,48246;;;;
2023;11;                 140,84718;;;;
2023;12;                 156,78927;;;;
2024;1;                 161,87698;;;;
 