annus;mes;observaciones;código; título; unidad; fuente; notas
1990;1;                  92,00000;680016;INDICADOR DE CLIMA ECONOMICO SUECIA. CVEC;ÍNDICE;REFINITIV;Business and consumer surveys  (https://economy-finance.ec.europa.eu/economic-forecast-and-surveys_en).  
1990;2;                  88,90000;;;;
1990;3;                  87,10000;;;;
1990;4;                  84,90000;;;;
1990;5;                  84,50000;;;;
1990;6;                  83,80000;;;;
1990;7;                  75,30000;;;;
1990;8;                  75,60000;;;;
1990;9;                  75,30000;;;;
1990;10;                  65,90000;;;;
1990;11;                  67,60000;;;;
1990;12;                  66,10000;;;;
1991;1;                  66,20000;;;;
1991;2;                  64,70000;;;;
1991;3;                  64,70000;;;;
1991;4;                  63,60000;;;;
1991;5;                  62,40000;;;;
1991;6;                  60,90000;;;;
1991;7;                  58,80000;;;;
1991;8;                  58,80000;;;;
1991;9;                  58,80000;;;;
1991;10;                  59,50000;;;;
1991;11;                  60,50000;;;;
1991;12;                  61,80000;;;;
1992;1;                  63,40000;;;;
1992;2;                  62,90000;;;;
1992;3;                  63,50000;;;;
1992;4;                  66,90000;;;;
1992;5;                  65,80000;;;;
1992;6;                  65,90000;;;;
1992;7;                  64,50000;;;;
1992;8;                  63,50000;;;;
1992;9;                  63,60000;;;;
1992;10;                  64,30000;;;;
1992;11;                  64,30000;;;;
1992;12;                  64,40000;;;;
1993;1;                  64,80000;;;;
1993;2;                  66,90000;;;;
1993;3;                  69,70000;;;;
1993;4;                  71,60000;;;;
1993;5;                  73,10000;;;;
1993;6;                  75,90000;;;;
1993;7;                  78,70000;;;;
1993;8;                  80,00000;;;;
1993;9;                  81,40000;;;;
1993;10;                  84,20000;;;;
1993;11;                  88,20000;;;;
1993;12;                  91,30000;;;;
1994;1;                  94,30000;;;;
1994;2;                  94,10000;;;;
1994;3;                  95,00000;;;;
1994;4;                  97,20000;;;;
1994;5;                  99,30000;;;;
1994;6;                 101,40000;;;;
1994;7;                 102,50000;;;;
1994;8;                 103,60000;;;;
1994;9;                 103,90000;;;;
1994;10;                 106,20000;;;;
1994;11;                 108,20000;;;;
1994;12;                 108,90000;;;;
1995;1;                 110,20000;;;;
1995;2;                 107,80000;;;;
1995;3;                 106,60000;;;;
1995;4;                 103,40000;;;;
1995;5;                 101,90000;;;;
1995;6;                 100,10000;;;;
1995;7;                  97,10000;;;;
1995;8;                  96,40000;;;;
1995;9;                  94,50000;;;;
1995;10;                  89,10000;;;;
1995;11;                  87,20000;;;;
1995;12;                  88,40000;;;;
1996;1;                  87,40000;;;;
1996;2;                  84,90000;;;;
1996;3;                  81,50000;;;;
1996;4;                  85,50000;;;;
1996;5;                  84,30000;;;;
1996;6;                  84,60000;;;;
1996;7;                  84,70000;;;;
1996;8;                  86,50000;;;;
1996;9;                  87,50000;;;;
1996;10;                  89,20000;;;;
1996;11;                  89,60000;;;;
1996;12;                  88,30000;;;;
1997;1;                  90,40000;;;;
1997;2;                  88,80000;;;;
1997;3;                  91,80000;;;;
1997;4;                  92,00000;;;;
1997;5;                  90,80000;;;;
1997;6;                  93,50000;;;;
1997;7;                  96,60000;;;;
1997;8;                  96,50000;;;;
1997;9;                  99,00000;;;;
1997;10;                 100,10000;;;;
1997;11;                 100,40000;;;;
1997;12;                  99,80000;;;;
1998;1;                 100,40000;;;;
1998;2;                  98,30000;;;;
1998;3;                  97,90000;;;;
1998;4;                  99,20000;;;;
1998;5;                 100,90000;;;;
1998;6;                 101,00000;;;;
1998;7;                 102,50000;;;;
1998;8;                 100,20000;;;;
1998;9;                 100,70000;;;;
1998;10;                  98,60000;;;;
1998;11;                  99,70000;;;;
1998;12;                  97,60000;;;;
1999;1;                  94,10000;;;;
1999;2;                  91,70000;;;;
1999;3;                  92,40000;;;;
1999;4;                  92,50000;;;;
1999;5;                  96,00000;;;;
1999;6;                  98,30000;;;;
1999;7;                 100,70000;;;;
1999;8;                 102,40000;;;;
1999;9;                 103,60000;;;;
1999;10;                 105,00000;;;;
1999;11;                 105,70000;;;;
1999;12;                 106,20000;;;;
2000;1;                 108,30000;;;;
2000;2;                 108,20000;;;;
2000;3;                 111,30000;;;;
2000;4;                 109,90000;;;;
2000;5;                 108,60000;;;;
2000;6;                 109,80000;;;;
2000;7;                 111,00000;;;;
2000;8;                 111,90000;;;;
2000;9;                 109,10000;;;;
2000;10;                 111,90000;;;;
2000;11;                 111,00000;;;;
2000;12;                 107,80000;;;;
2001;1;                 101,90000;;;;
2001;2;                 101,30000;;;;
2001;3;                  98,70000;;;;
2001;4;                  92,30000;;;;
2001;5;                  87,80000;;;;
2001;6;                  85,80000;;;;
2001;7;                  87,10000;;;;
2001;8;                  86,70000;;;;
2001;9;                  86,00000;;;;
2001;10;                  84,50000;;;;
2001;11;                  84,70000;;;;
2001;12;                  86,20000;;;;
2002;1;                  86,90000;;;;
2002;2;                  89,10000;;;;
2002;3;                  91,40000;;;;
2002;4;                  92,80000;;;;
2002;5;                  91,10000;;;;
2002;6;                  94,20000;;;;
2002;7;                  92,10000;;;;
2002;8;                  92,40000;;;;
2002;9;                  93,60000;;;;
2002;10;                  88,60000;;;;
2002;11;                  89,00000;;;;
2002;12;                  89,90000;;;;
2003;1;                  86,60000;;;;
2003;2;                  92,40000;;;;
2003;3;                  88,90000;;;;
2003;4;                  89,20000;;;;
2003;5;                  90,60000;;;;
2003;6;                  88,10000;;;;
2003;7;                  87,20000;;;;
2003;8;                  92,00000;;;;
2003;9;                  92,10000;;;;
2003;10;                  92,00000;;;;
2003;11;                  91,20000;;;;
2003;12;                  94,60000;;;;
2004;1;                  94,20000;;;;
2004;2;                  96,60000;;;;
2004;3;                  95,30000;;;;
2004;4;                  98,10000;;;;
2004;5;                 100,00000;;;;
2004;6;                 100,30000;;;;
2004;7;                 102,60000;;;;
2004;8;                 103,80000;;;;
2004;9;                 105,60000;;;;
2004;10;                 103,20000;;;;
2004;11;                 102,60000;;;;
2004;12;                 102,50000;;;;
2005;1;                 104,00000;;;;
2005;2;                 102,40000;;;;
2005;3;                 100,70000;;;;
2005;4;                  98,80000;;;;
2005;5;                  98,70000;;;;
2005;6;                 100,50000;;;;
2005;7;                  99,60000;;;;
2005;8;                 102,10000;;;;
2005;9;                 102,30000;;;;
2005;10;                 103,40000;;;;
2005;11;                 103,10000;;;;
2005;12;                 104,60000;;;;
2006;1;                 107,70000;;;;
2006;2;                 108,10000;;;;
2006;3;                 106,20000;;;;
2006;4;                 107,30000;;;;
2006;5;                 107,30000;;;;
2006;6;                 107,70000;;;;
2006;7;                 106,10000;;;;
2006;8;                 108,80000;;;;
2006;9;                 108,40000;;;;
2006;10;                 110,00000;;;;
2006;11;                 110,60000;;;;
2006;12;                 108,70000;;;;
2007;1;                 109,00000;;;;
2007;2;                 110,10000;;;;
2007;3;                 108,60000;;;;
2007;4;                 113,70000;;;;
2007;5;                 111,60000;;;;
2007;6;                 112,10000;;;;
2007;7;                 111,90000;;;;
2007;8;                 110,30000;;;;
2007;9;                 108,20000;;;;
2007;10;                 109,50000;;;;
2007;11;                 106,70000;;;;
2007;12;                 106,50000;;;;
2008;1;                 103,30000;;;;
2008;2;                  99,70000;;;;
2008;3;                 101,40000;;;;
2008;4;                 101,50000;;;;
2008;5;                  97,00000;;;;
2008;6;                  94,30000;;;;
2008;7;                  91,50000;;;;
2008;8;                  89,20000;;;;
2008;9;                  89,80000;;;;
2008;10;                  84,20000;;;;
2008;11;                  76,50000;;;;
2008;12;                  72,80000;;;;
2009;1;                  74,60000;;;;
2009;2;                  74,70000;;;;
2009;3;                  70,50000;;;;
2009;4;                  71,70000;;;;
2009;5;                  78,50000;;;;
2009;6;                  80,50000;;;;
2009;7;                  87,20000;;;;
2009;8;                  90,20000;;;;
2009;9;                  91,20000;;;;
2009;10;                  95,00000;;;;
2009;11;                  96,50000;;;;
2009;12;                 100,00000;;;;
2010;1;                 101,00000;;;;
2010;2;                 104,40000;;;;
2010;3;                 105,20000;;;;
2010;4;                 105,00000;;;;
2010;5;                 109,50000;;;;
2010;6;                 111,90000;;;;
2010;7;                 110,70000;;;;
2010;8;                 110,90000;;;;
2010;9;                 114,90000;;;;
2010;10;                 110,40000;;;;
2010;11;                 113,20000;;;;
2010;12;                 109,60000;;;;
2011;1;                 112,70000;;;;
2011;2;                 112,50000;;;;
2011;3;                 110,80000;;;;
2011;4;                 108,00000;;;;
2011;5;                 110,30000;;;;
2011;6;                 107,80000;;;;
2011;7;                 103,20000;;;;
2011;8;                  99,60000;;;;
2011;9;                  97,50000;;;;
2011;10;                  94,70000;;;;
2011;11;                  93,80000;;;;
2011;12;                  91,50000;;;;
2012;1;                  91,30000;;;;
2012;2;                  91,70000;;;;
2012;3;                  99,60000;;;;
2012;4;                  99,20000;;;;
2012;5;                  99,50000;;;;
2012;6;                  96,90000;;;;
2012;7;                  96,10000;;;;
2012;8;                  95,70000;;;;
2012;9;                  94,90000;;;;
2012;10;                  90,30000;;;;
2012;11;                  87,00000;;;;
2012;12;                  86,70000;;;;
2013;1;                  89,10000;;;;
2013;2;                  92,80000;;;;
2013;3;                  95,00000;;;;
2013;4;                  93,50000;;;;
2013;5;                  94,30000;;;;
2013;6;                  96,00000;;;;
2013;7;                  97,50000;;;;
2013;8;                  98,50000;;;;
2013;9;                  97,60000;;;;
2013;10;                  97,50000;;;;
2013;11;                 101,20000;;;;
2013;12;                 100,10000;;;;
2014;1;                 102,20000;;;;
2014;2;                 100,10000;;;;
2014;3;                 101,50000;;;;
2014;4;                 102,10000;;;;
2014;5;                 101,20000;;;;
2014;6;                 102,50000;;;;
2014;7;                 101,90000;;;;
2014;8;                 103,00000;;;;
2014;9;                 100,50000;;;;
2014;10;                 100,70000;;;;
2014;11;                 100,00000;;;;
2014;12;                 100,30000;;;;
2015;1;                 100,70000;;;;
2015;2;                 100,40000;;;;
2015;3;                 101,30000;;;;
2015;4;                  99,00000;;;;
2015;5;                 103,40000;;;;
2015;6;                 102,60000;;;;
2015;7;                 103,20000;;;;
2015;8;                 104,90000;;;;
2015;9;                 105,00000;;;;
2015;10;                 104,40000;;;;
2015;11;                 103,20000;;;;
2015;12;                 105,10000;;;;
2016;1;                 107,80000;;;;
2016;2;                 104,40000;;;;
2016;3;                 105,20000;;;;
2016;4;                 102,60000;;;;
2016;5;                 103,20000;;;;
2016;6;                 103,30000;;;;
2016;7;                 102,50000;;;;
2016;8;                 102,00000;;;;
2016;9;                 102,60000;;;;
2016;10;                 104,30000;;;;
2016;11;                 106,60000;;;;
2016;12;                 110,10000;;;;
2017;1;                 109,70000;;;;
2017;2;                 109,00000;;;;
2017;3;                 108,40000;;;;
2017;4;                 109,90000;;;;
2017;5;                 110,70000;;;;
2017;6;                 110,80000;;;;
2017;7;                 110,50000;;;;
2017;8;                 109,30000;;;;
2017;9;                 110,10000;;;;
2017;10;                 110,40000;;;;
2017;11;                 111,50000;;;;
2017;12;                 109,90000;;;;
2018;1;                 110,70000;;;;
2018;2;                 109,40000;;;;
2018;3;                 109,30000;;;;
2018;4;                 109,40000;;;;
2018;5;                 109,70000;;;;
2018;6;                 108,30000;;;;
2018;7;                 108,10000;;;;
2018;8;                 110,30000;;;;
2018;9;                 108,20000;;;;
2018;10;                 106,50000;;;;
2018;11;                 106,00000;;;;
2018;12;                 107,30000;;;;
2019;1;                 103,60000;;;;
2019;2;                 103,50000;;;;
2019;3;                 102,20000;;;;
2019;4;                 104,00000;;;;
2019;5;                 100,30000;;;;
2019;6;                  99,00000;;;;
2019;7;                  97,60000;;;;
2019;8;                  96,90000;;;;
2019;9;                  94,80000;;;;
2019;10;                  95,70000;;;;
2019;11;                  96,00000;;;;
2019;12;                  95,90000;;;;
2020;1;                  98,30000;;;;
2020;2;                  99,00000;;;;
2020;3;                  94,10000;;;;
2020;4;                  63,90000;;;;
2020;5;                  67,00000;;;;
2020;6;                  78,10000;;;;
2020;7;                  86,70000;;;;
2020;8;                  90,60000;;;;
2020;9;                  96,70000;;;;
2020;10;                  97,90000;;;;
2020;11;                  99,80000;;;;
2020;12;                  99,60000;;;;
2021;1;                 105,00000;;;;
2021;2;                 107,00000;;;;
2021;3;                 107,20000;;;;
2021;4;                 112,60000;;;;
2021;5;                 116,20000;;;;
2021;6;                 116,50000;;;;
2021;7;                 119,80000;;;;
2021;8;                 120,20000;;;;
2021;9;                 119,10000;;;;
2021;10;                 121,30000;;;;
2021;11;                 119,80000;;;;
2021;12;                 119,60000;;;;
2022;1;                 114,20000;;;;
2022;2;                 115,70000;;;;
2022;3;                 111,30000;;;;
2022;4;                 109,60000;;;;
2022;5;                 109,10000;;;;
2022;6;                 104,20000;;;;
2022;7;                 101,30000;;;;
2022;8;                  99,00000;;;;
2022;9;                  92,60000;;;;
2022;10;                  87,80000;;;;
2022;11;                  89,50000;;;;
2022;12;                  88,10000;;;;
2023;1;                  86,50000;;;;
2023;2;                  88,40000;;;;
2023;3;                  87,60000;;;;
2023;4;                  86,20000;;;;
2023;5;                  89,00000;;;;
2023;6;                  89,10000;;;;
2023;7;                  87,20000;;;;
2023;8;                  86,50000;;;;
2023;9;                  86,20000;;;;
2023;10;                  85,20000;;;;
2023;11;                  86,40000;;;;
2023;12;                  85,50000;;;;
2024;1;                  90,80000;;;;
2024;2;                  92,20000;;;;
2024;3;                  93,00000;;;;
 