annus;mes;observaciones;código; título; unidad; fuente; notas
1995;4;                  19,20000;685081;INDICADOR DE CONFIANZASERVICIOS ZONA EURO. CVEC;PORCENTAJE;COMISIÓN EUROPEA;Business and consumer surveys  (https://economy-finance.ec.europa.eu/economic-forecast-and-surveys_en).  
1995;5;                  18,80000;;;;
1995;6;                  21,00000;;;;
1995;7;                  23,60000;;;;
1995;8;                  19,30000;;;;
1995;9;                  18,20000;;;;
1995;10;                  17,90000;;;;
1995;11;                  12,80000;;;;
1995;12;                  12,90000;;;;
1996;1;                  15,70000;;;;
1996;2;                  11,70000;;;;
1996;3;                  10,50000;;;;
1996;4;                  11,00000;;;;
1996;5;                  10,70000;;;;
1996;6;                  10,50000;;;;
1996;7;                  11,60000;;;;
1996;8;                  14,20000;;;;
1996;9;                  16,80000;;;;
1996;10;                  19,30000;;;;
1996;11;                  23,00000;;;;
1996;12;                  24,20000;;;;
1997;1;                  18,80000;;;;
1997;2;                  22,40000;;;;
1997;3;                  24,60000;;;;
1997;4;                  22,80000;;;;
1997;5;                  26,50000;;;;
1997;6;                  24,40000;;;;
1997;7;                  22,90000;;;;
1997;8;                  26,20000;;;;
1997;9;                  26,70000;;;;
1997;10;                  26,30000;;;;
1997;11;                  29,30000;;;;
1997;12;                  29,80000;;;;
1998;1;                  29,10000;;;;
1998;2;                  32,50000;;;;
1998;3;                  34,00000;;;;
1998;4;                  29,10000;;;;
1998;5;                  31,00000;;;;
1998;6;                  33,60000;;;;
1998;7;                  31,70000;;;;
1998;8;                  34,50000;;;;
1998;9;                  33,50000;;;;
1998;10;                  31,70000;;;;
1998;11;                  34,80000;;;;
1998;12;                  34,20000;;;;
1999;1;                  27,60000;;;;
1999;2;                  29,60000;;;;
1999;3;                  29,10000;;;;
1999;4;                  21,20000;;;;
1999;5;                  24,00000;;;;
1999;6;                  23,70000;;;;
1999;7;                  20,60000;;;;
1999;8;                  21,70000;;;;
1999;9;                  25,10000;;;;
1999;10;                  31,10000;;;;
1999;11;                  33,00000;;;;
1999;12;                  32,30000;;;;
2000;1;                  30,80000;;;;
2000;2;                  34,60000;;;;
2000;3;                  35,90000;;;;
2000;4;                  29,00000;;;;
2000;5;                  30,50000;;;;
2000;6;                  28,50000;;;;
2000;7;                  29,50000;;;;
2000;8;                  30,70000;;;;
2000;9;                  28,60000;;;;
2000;10;                  31,80000;;;;
2000;11;                  28,20000;;;;
2000;12;                  27,50000;;;;
2001;1;                  27,00000;;;;
2001;2;                  22,80000;;;;
2001;3;                  20,40000;;;;
2001;4;                  18,30000;;;;
2001;5;                  14,50000;;;;
2001;6;                  16,60000;;;;
2001;7;                  14,60000;;;;
2001;8;                  11,70000;;;;
2001;9;                   7,90000;;;;
2001;10;                   0,30000;;;;
2001;11;                  -6,90000;;;;
2001;12;                  -4,60000;;;;
2002;1;                   3,50000;;;;
2002;2;                   4,00000;;;;
2002;3;                   7,40000;;;;
2002;4;                   6,80000;;;;
2002;5;                   5,10000;;;;
2002;6;                   2,20000;;;;
2002;7;                  -1,10000;;;;
2002;8;                  -6,60000;;;;
2002;9;                  -3,30000;;;;
2002;10;                  -6,20000;;;;
2002;11;                  -5,10000;;;;
2002;12;                  -4,90000;;;;
2003;1;                  -3,60000;;;;
2003;2;                  -3,20000;;;;
2003;3;                  -4,20000;;;;
2003;4;                  -3,00000;;;;
2003;5;                  -3,50000;;;;
2003;6;                  -1,30000;;;;
2003;7;                   0,70000;;;;
2003;8;                   2,70000;;;;
2003;9;                   3,70000;;;;
2003;10;                   5,90000;;;;
2003;11;                   5,60000;;;;
2003;12;                   9,00000;;;;
2004;1;                   6,60000;;;;
2004;2;                  10,40000;;;;
2004;3;                   7,00000;;;;
2004;4;                   6,40000;;;;
2004;5;                   5,80000;;;;
2004;6;                   7,40000;;;;
2004;7;                   8,30000;;;;
2004;8;                   5,40000;;;;
2004;9;                   8,80000;;;;
2004;10;                   8,20000;;;;
2004;11;                   8,00000;;;;
2004;12;                   6,10000;;;;
2005;1;                   9,50000;;;;
2005;2;                   6,70000;;;;
2005;3;                   7,10000;;;;
2005;4;                   8,60000;;;;
2005;5;                   9,30000;;;;
2005;6;                   8,90000;;;;
2005;7;                   9,80000;;;;
2005;8;                   9,20000;;;;
2005;9;                  10,60000;;;;
2005;10;                  12,80000;;;;
2005;11;                  13,50000;;;;
2005;12;                  13,70000;;;;
2006;1;                  15,30000;;;;
2006;2;                  12,70000;;;;
2006;3;                  14,50000;;;;
2006;4;                  16,10000;;;;
2006;5;                  17,30000;;;;
2006;6;                  16,50000;;;;
2006;7;                  16,00000;;;;
2006;8;                  17,40000;;;;
2006;9;                  16,00000;;;;
2006;10;                  17,90000;;;;
2006;11;                  17,40000;;;;
2006;12;                  19,10000;;;;
2007;1;                  18,00000;;;;
2007;2;                  17,40000;;;;
2007;3;                  19,40000;;;;
2007;4;                  19,80000;;;;
2007;5;                  17,60000;;;;
2007;6;                  17,30000;;;;
2007;7;                  17,10000;;;;
2007;8;                  17,50000;;;;
2007;9;                  15,10000;;;;
2007;10;                  14,80000;;;;
2007;11;                  12,60000;;;;
2007;12;                  12,20000;;;;
2008;1;                  11,80000;;;;
2008;2;                  10,30000;;;;
2008;3;                   8,70000;;;;
2008;4;                   7,50000;;;;
2008;5;                   8,20000;;;;
2008;6;                   5,30000;;;;
2008;7;                   1,80000;;;;
2008;8;                  -2,60000;;;;
2008;9;                  -2,90000;;;;
2008;10;                  -7,70000;;;;
2008;11;                 -11,20000;;;;
2008;12;                 -16,70000;;;;
2009;1;                 -18,70000;;;;
2009;2;                 -20,40000;;;;
2009;3;                 -23,50000;;;;
2009;4;                 -22,80000;;;;
2009;5;                 -19,00000;;;;
2009;6;                 -16,70000;;;;
2009;7;                 -14,70000;;;;
2009;8;                  -8,10000;;;;
2009;9;                  -5,90000;;;;
2009;10;                  -5,30000;;;;
2009;11;                  -3,70000;;;;
2009;12;                  -1,70000;;;;
2010;1;                  -0,30000;;;;
2010;2;                  -0,10000;;;;
2010;3;                   0,50000;;;;
2010;4;                   5,30000;;;;
2010;5;                   2,90000;;;;
2010;6;                   2,80000;;;;
2010;7;                   4,90000;;;;
2010;8;                   5,50000;;;;
2010;9;                   7,20000;;;;
2010;10;                   7,30000;;;;
2010;11;                   7,60000;;;;
2010;12;                   7,20000;;;;
2011;1;                   6,80000;;;;
2011;2;                   8,50000;;;;
2011;3;                   7,20000;;;;
2011;4;                   7,50000;;;;
2011;5;                   8,20000;;;;
2011;6;                   8,40000;;;;
2011;7;                   7,10000;;;;
2011;8;                   5,10000;;;;
2011;9;                   1,50000;;;;
2011;10;                   1,40000;;;;
2011;11;                   0,00000;;;;
2011;12;                  -2,20000;;;;
2012;1;                  -2,60000;;;;
2012;2;                  -1,80000;;;;
2012;3;                  -0,60000;;;;
2012;4;                  -1,70000;;;;
2012;5;                  -3,00000;;;;
2012;6;                  -4,70000;;;;
2012;7;                  -5,90000;;;;
2012;8;                  -6,90000;;;;
2012;9;                  -8,40000;;;;
2012;10;                  -7,50000;;;;
2012;11;                  -7,70000;;;;
2012;12;                  -7,00000;;;;
2013;1;                  -5,30000;;;;
2013;2;                  -5,90000;;;;
2013;3;                  -5,60000;;;;
2013;4;                  -8,10000;;;;
2013;5;                  -6,80000;;;;
2013;6;                  -5,30000;;;;
2013;7;                  -4,20000;;;;
2013;8;                  -1,60000;;;;
2013;9;                   0,30000;;;;
2013;10;                   0,30000;;;;
2013;11;                   2,20000;;;;
2013;12;                   2,40000;;;;
2014;1;                   3,80000;;;;
2014;2;                   3,50000;;;;
2014;3;                   5,90000;;;;
2014;4;                   5,10000;;;;
2014;5;                   4,80000;;;;
2014;6;                   5,20000;;;;
2014;7;                   4,90000;;;;
2014;8;                   4,60000;;;;
2014;9;                   4,10000;;;;
2014;10;                   3,80000;;;;
2014;11;                   4,20000;;;;
2014;12;                   5,60000;;;;
2015;1;                   5,80000;;;;
2015;2;                   5,90000;;;;
2015;3;                   7,50000;;;;
2015;4;                   7,90000;;;;
2015;5;                   8,50000;;;;
2015;6;                   9,20000;;;;
2015;7;                   9,60000;;;;
2015;8;                  11,30000;;;;
2015;9;                  12,40000;;;;
2015;10;                  12,30000;;;;
2015;11;                  12,80000;;;;
2015;12;                  12,50000;;;;
2016;1;                  12,50000;;;;
2016;2;                  11,10000;;;;
2016;3;                  10,40000;;;;
2016;4;                  12,00000;;;;
2016;5;                  12,20000;;;;
2016;6;                  11,20000;;;;
2016;7;                  10,80000;;;;
2016;8;                  10,40000;;;;
2016;9;                  10,20000;;;;
2016;10;                  12,20000;;;;
2016;11;                  12,30000;;;;
2016;12;                  13,40000;;;;
2017;1;                  14,20000;;;;
2017;2;                  14,30000;;;;
2017;3;                  14,30000;;;;
2017;4;                  14,80000;;;;
2017;5;                  13,50000;;;;
2017;6;                  13,70000;;;;
2017;7;                  14,00000;;;;
2017;8;                  15,20000;;;;
2017;9;                  15,70000;;;;
2017;10;                  16,40000;;;;
2017;11;                  16,50000;;;;
2017;12;                  18,00000;;;;
2018;1;                  17,30000;;;;
2018;2;                  17,40000;;;;
2018;3;                  16,60000;;;;
2018;4;                  15,40000;;;;
2018;5;                  14,00000;;;;
2018;6;                  13,80000;;;;
2018;7;                  14,10000;;;;
2018;8;                  14,20000;;;;
2018;9;                  15,00000;;;;
2018;10;                  14,10000;;;;
2018;11;                  14,40000;;;;
2018;12;                  13,20000;;;;
2019;1;                  12,40000;;;;
2019;2;                  12,90000;;;;
2019;3;                  12,50000;;;;
2019;4;                  12,20000;;;;
2019;5;                  11,50000;;;;
2019;6;                   9,90000;;;;
2019;7;                   8,70000;;;;
2019;8;                   8,40000;;;;
2019;9;                   9,80000;;;;
2019;10;                   9,80000;;;;
2019;11;                  10,40000;;;;
2019;12;                  13,80000;;;;
2020;1;                  13,40000;;;;
2020;2;                  12,80000;;;;
2020;3;                  -3,70000;;;;
2020;4;                 -47,70000;;;;
2020;5;                 -52,10000;;;;
2020;6;                 -40,40000;;;;
2020;7;                 -27,70000;;;;
2020;8;                 -14,30000;;;;
2020;9;                  -5,00000;;;;
2020;10;                  -5,70000;;;;
2020;11;                 -11,10000;;;;
2020;12;                  -9,10000;;;;
2021;1;                  -9,00000;;;;
2021;2;                  -8,90000;;;;
2021;3;                  -4,50000;;;;
2021;4;                  -2,90000;;;;
2021;5;                   5,20000;;;;
2021;6;                  14,20000;;;;
2021;7;                  17,10000;;;;
2021;8;                  18,10000;;;;
2021;9;                  18,70000;;;;
2021;10;                  21,30000;;;;
2021;11;                  20,20000;;;;
2021;12;                  12,90000;;;;
2022;1;                  10,30000;;;;
2022;2;                  14,00000;;;;
2022;3;                  12,10000;;;;
2022;4;                  11,10000;;;;
2022;5;                  12,80000;;;;
2022;6;                  12,80000;;;;
2022;7;                   9,30000;;;;
2022;8;                   8,60000;;;;
2022;9;                   5,80000;;;;
2022;10;                   3,70000;;;;
2022;11;                   4,10000;;;;
2022;12;                   6,30000;;;;
2023;1;                   8,80000;;;;
2023;2;                   8,30000;;;;
2023;3;                   7,90000;;;;
2023;4;                   8,90000;;;;
2023;5;                   6,90000;;;;
2023;6;                   5,90000;;;;
2023;7;                   5,70000;;;;
2023;8;                   4,60000;;;;
2023;9;                   4,80000;;;;
2023;10;                   5,20000;;;;
2023;11;                   5,40000;;;;
2023;12;                   8,10000;;;;
2024;1;                   8,40000;;;;
2024;2;                   6,00000;;;;
2024;3;                   6,30000;;;;
 