annus;mes;observaciones;código; título; unidad; fuente; notas
1955;1;                 101,45410;689020;COMPOSITE LEADING INDICATOR. EEUU ( OCDE );ÍNDICE;REFINITIV;https://data.oecd.org/leadind/composite-leading-indicator-cli.htm.  
1955;2;                 101,81080;;;;
1955;3;                 102,10640;;;;
1955;4;                 102,31470;;;;
1955;5;                 102,43540;;;;
1955;6;                 102,47600;;;;
1955;7;                 102,47890;;;;
1955;8;                 102,46490;;;;
1955;9;                 102,43930;;;;
1955;10;                 102,38570;;;;
1955;11;                 102,27030;;;;
1955;12;                 102,06830;;;;
1956;1;                 101,77340;;;;
1956;2;                 101,43120;;;;
1956;3;                 101,09640;;;;
1956;4;                 100,78440;;;;
1956;5;                 100,51430;;;;
1956;6;                 100,32900;;;;
1956;7;                 100,26280;;;;
1956;8;                 100,31660;;;;
1956;9;                 100,43580;;;;
1956;10;                 100,56170;;;;
1956;11;                 100,64520;;;;
1956;12;                 100,63850;;;;
1957;1;                 100,52210;;;;
1957;2;                 100,34070;;;;
1957;3;                 100,09890;;;;
1957;4;                  99,83480;;;;
1957;5;                  99,57760;;;;
1957;6;                  99,30270;;;;
1957;7;                  98,97670;;;;
1957;8;                  98,57820;;;;
1957;9;                  98,11040;;;;
1957;10;                  97,61850;;;;
1957;11;                  97,17280;;;;
1957;12;                  96,82760;;;;
1958;1;                  96,64460;;;;
1958;2;                  96,65920;;;;
1958;3;                  96,86650;;;;
1958;4;                  97,24170;;;;
1958;5;                  97,76930;;;;
1958;6;                  98,39950;;;;
1958;7;                  99,06590;;;;
1958;8;                  99,72530;;;;
1958;9;                 100,35820;;;;
1958;10;                 100,96560;;;;
1958;11;                 101,53500;;;;
1958;12;                 102,05410;;;;
1959;1;                 102,52310;;;;
1959;2;                 102,89720;;;;
1959;3;                 103,13450;;;;
1959;4;                 103,20950;;;;
1959;5;                 103,11470;;;;
1959;6;                 102,86090;;;;
1959;7;                 102,49150;;;;
1959;8;                 102,08190;;;;
1959;9;                 101,70410;;;;
1959;10;                 101,40000;;;;
1959;11;                 101,17670;;;;
1959;12;                 101,00090;;;;
1960;1;                 100,77590;;;;
1960;2;                 100,46970;;;;
1960;3;                 100,13060;;;;
1960;4;                  99,81020;;;;
1960;5;                  99,53010;;;;
1960;6;                  99,28520;;;;
1960;7;                  99,05460;;;;
1960;8;                  98,83590;;;;
1960;9;                  98,61960;;;;
1960;10;                  98,43400;;;;
1960;11;                  98,31230;;;;
1960;12;                  98,28990;;;;
1961;1;                  98,38580;;;;
1961;2;                  98,62030;;;;
1961;3;                  98,97970;;;;
1961;4;                  99,41190;;;;
1961;5;                  99,85300;;;;
1961;6;                 100,26350;;;;
1961;7;                 100,61690;;;;
1961;8;                 100,90590;;;;
1961;9;                 101,11660;;;;
1961;10;                 101,24670;;;;
1961;11;                 101,30220;;;;
1961;12;                 101,27000;;;;
1962;1;                 101,14260;;;;
1962;2;                 100,93870;;;;
1962;3;                 100,66060;;;;
1962;4;                 100,33430;;;;
1962;5;                 100,00480;;;;
1962;6;                  99,71780;;;;
1962;7;                  99,51980;;;;
1962;8;                  99,41970;;;;
1962;9;                  99,41530;;;;
1962;10;                  99,49270;;;;
1962;11;                  99,63370;;;;
1962;12;                  99,80370;;;;
1963;1;                  99,97190;;;;
1963;2;                 100,11770;;;;
1963;3;                 100,23270;;;;
1963;4;                 100,31300;;;;
1963;5;                 100,34320;;;;
1963;6;                 100,32330;;;;
1963;7;                 100,27480;;;;
1963;8;                 100,22480;;;;
1963;9;                 100,19730;;;;
1963;10;                 100,18820;;;;
1963;11;                 100,19250;;;;
1963;12;                 100,22380;;;;
1964;1;                 100,29390;;;;
1964;2;                 100,38000;;;;
1964;3;                 100,47530;;;;
1964;4;                 100,56980;;;;
1964;5;                 100,65630;;;;
1964;6;                 100,73380;;;;
1964;7;                 100,79830;;;;
1964;8;                 100,84130;;;;
1964;9;                 100,88430;;;;
1964;10;                 100,93310;;;;
1964;11;                 101,00440;;;;
1964;12;                 101,08960;;;;
1965;1;                 101,16490;;;;
1965;2;                 101,20970;;;;
1965;3;                 101,21140;;;;
1965;4;                 101,16660;;;;
1965;5;                 101,09420;;;;
1965;6;                 101,02710;;;;
1965;7;                 101,00310;;;;
1965;8;                 101,04190;;;;
1965;9;                 101,15040;;;;
1965;10;                 101,31700;;;;
1965;11;                 101,51450;;;;
1965;12;                 101,70390;;;;
1966;1;                 101,83840;;;;
1966;2;                 101,87100;;;;
1966;3;                 101,77600;;;;
1966;4;                 101,55600;;;;
1966;5;                 101,23620;;;;
1966;6;                 100,87830;;;;
1966;7;                 100,51200;;;;
1966;8;                 100,15720;;;;
1966;9;                  99,81860;;;;
1966;10;                  99,49050;;;;
1966;11;                  99,18610;;;;
1966;12;                  98,92600;;;;
1967;1;                  98,73530;;;;
1967;2;                  98,63190;;;;
1967;3;                  98,64690;;;;
1967;4;                  98,78420;;;;
1967;5;                  99,03020;;;;
1967;6;                  99,33800;;;;
1967;7;                  99,66800;;;;
1967;8;                  99,98620;;;;
1967;9;                 100,26040;;;;
1967;10;                 100,47860;;;;
1967;11;                 100,63650;;;;
1967;12;                 100,73550;;;;
1968;1;                 100,77190;;;;
1968;2;                 100,77660;;;;
1968;3;                 100,76990;;;;
1968;4;                 100,76350;;;;
1968;5;                 100,76520;;;;
1968;6;                 100,78930;;;;
1968;7;                 100,84970;;;;
1968;8;                 100,95840;;;;
1968;9;                 101,11530;;;;
1968;10;                 101,27160;;;;
1968;11;                 101,36970;;;;
1968;12;                 101,38940;;;;
1969;1;                 101,33560;;;;
1969;2;                 101,21670;;;;
1969;3;                 101,04230;;;;
1969;4;                 100,81360;;;;
1969;5;                 100,53600;;;;
1969;6;                 100,25460;;;;
1969;7;                 100,00530;;;;
1969;8;                  99,79750;;;;
1969;9;                  99,60800;;;;
1969;10;                  99,40190;;;;
1969;11;                  99,15950;;;;
1969;12;                  98,87660;;;;
1970;1;                  98,56170;;;;
1970;2;                  98,24940;;;;
1970;3;                  97,97020;;;;
1970;4;                  97,75050;;;;
1970;5;                  97,61960;;;;
1970;6;                  97,56900;;;;
1970;7;                  97,56950;;;;
1970;8;                  97,61230;;;;
1970;9;                  97,71560;;;;
1970;10;                  97,91180;;;;
1970;11;                  98,23920;;;;
1970;12;                  98,68900;;;;
1971;1;                  99,17900;;;;
1971;2;                  99,61630;;;;
1971;3;                  99,94280;;;;
1971;4;                 100,15500;;;;
1971;5;                 100,26350;;;;
1971;6;                 100,30100;;;;
1971;7;                 100,30890;;;;
1971;8;                 100,33160;;;;
1971;9;                 100,41530;;;;
1971;10;                 100,59410;;;;
1971;11;                 100,88140;;;;
1971;12;                 101,25820;;;;
1972;1;                 101,65280;;;;
1972;2;                 102,00530;;;;
1972;3;                 102,28150;;;;
1972;4;                 102,48510;;;;
1972;5;                 102,64120;;;;
1972;6;                 102,77890;;;;
1972;7;                 102,93480;;;;
1972;8;                 103,13250;;;;
1972;9;                 103,35110;;;;
1972;10;                 103,55560;;;;
1972;11;                 103,71890;;;;
1972;12;                 103,80550;;;;
1973;1;                 103,79150;;;;
1973;2;                 103,66650;;;;
1973;3;                 103,42750;;;;
1973;4;                 103,09200;;;;
1973;5;                 102,69860;;;;
1973;6;                 102,29500;;;;
1973;7;                 101,91940;;;;
1973;8;                 101,59480;;;;
1973;9;                 101,33620;;;;
1973;10;                 101,12700;;;;
1973;11;                 100,92150;;;;
1973;12;                 100,70220;;;;
1974;1;                 100,47900;;;;
1974;2;                 100,22530;;;;
1974;3;                  99,92020;;;;
1974;4;                  99,54660;;;;
1974;5;                  99,11170;;;;
1974;6;                  98,62830;;;;
1974;7;                  98,10970;;;;
1974;8;                  97,55910;;;;
1974;9;                  96,98750;;;;
1974;10;                  96,44920;;;;
1974;11;                  95,99270;;;;
1974;12;                  95,68580;;;;
1975;1;                  95,58940;;;;
1975;2;                  95,69350;;;;
1975;3;                  95,96670;;;;
1975;4;                  96,37470;;;;
1975;5;                  96,85340;;;;
1975;6;                  97,35750;;;;
1975;7;                  97,85590;;;;
1975;8;                  98,32330;;;;
1975;9;                  98,75720;;;;
1975;10;                  99,16900;;;;
1975;11;                  99,57160;;;;
1975;12;                  99,97240;;;;
1976;1;                 100,35550;;;;
1976;2;                 100,67800;;;;
1976;3;                 100,90740;;;;
1976;4;                 101,04480;;;;
1976;5;                 101,10390;;;;
1976;6;                 101,11180;;;;
1976;7;                 101,09220;;;;
1976;8;                 101,06180;;;;
1976;9;                 101,04920;;;;
1976;10;                 101,07830;;;;
1976;11;                 101,17330;;;;
1976;12;                 101,32760;;;;
1977;1;                 101,51090;;;;
1977;2;                 101,69930;;;;
1977;3;                 101,86510;;;;
1977;4;                 101,97580;;;;
1977;5;                 102,02410;;;;
1977;6;                 102,01060;;;;
1977;7;                 101,94710;;;;
1977;8;                 101,85510;;;;
1977;9;                 101,76210;;;;
1977;10;                 101,68410;;;;
1977;11;                 101,62250;;;;
1977;12;                 101,58320;;;;
1978;1;                 101,57790;;;;
1978;2;                 101,61740;;;;
1978;3;                 101,73480;;;;
1978;4;                 101,90070;;;;
1978;5;                 102,06840;;;;
1978;6;                 102,19510;;;;
1978;7;                 102,25650;;;;
1978;8;                 102,24320;;;;
1978;9;                 102,15740;;;;
1978;10;                 102,00630;;;;
1978;11;                 101,81150;;;;
1978;12;                 101,60960;;;;
1979;1;                 101,43080;;;;
1979;2;                 101,25720;;;;
1979;3;                 101,05750;;;;
1979;4;                 100,81800;;;;
1979;5;                 100,55740;;;;
1979;6;                 100,28730;;;;
1979;7;                 100,02090;;;;
1979;8;                  99,76980;;;;
1979;9;                  99,52440;;;;
1979;10;                  99,26470;;;;
1979;11;                  98,98820;;;;
1979;12;                  98,70140;;;;
1980;1;                  98,40590;;;;
1980;2;                  98,08450;;;;
1980;3;                  97,77750;;;;
1980;4;                  97,60780;;;;
1980;5;                  97,66730;;;;
1980;6;                  97,98980;;;;
1980;7;                  98,50400;;;;
1980;8;                  99,08200;;;;
1980;9;                  99,58660;;;;
1980;10;                  99,91820;;;;
1980;11;                 100,05080;;;;
1980;12;                 100,03000;;;;
1981;1;                  99,93230;;;;
1981;2;                  99,80940;;;;
1981;3;                  99,68670;;;;
1981;4;                  99,53290;;;;
1981;5;                  99,31860;;;;
1981;6;                  99,05890;;;;
1981;7;                  98,78750;;;;
1981;8;                  98,50920;;;;
1981;9;                  98,20230;;;;
1981;10;                  97,88000;;;;
1981;11;                  97,56350;;;;
1981;12;                  97,27730;;;;
1982;1;                  97,00800;;;;
1982;2;                  96,73660;;;;
1982;3;                  96,49220;;;;
1982;4;                  96,32170;;;;
1982;5;                  96,24200;;;;
1982;6;                  96,25960;;;;
1982;7;                  96,36230;;;;
1982;8;                  96,53620;;;;
1982;9;                  96,78520;;;;
1982;10;                  97,10350;;;;
1982;11;                  97,50250;;;;
1982;12;                  97,99120;;;;
1983;1;                  98,55650;;;;
1983;2;                  99,17170;;;;
1983;3;                  99,80600;;;;
1983;4;                 100,42560;;;;
1983;5;                 100,99500;;;;
1983;6;                 101,48130;;;;
1983;7;                 101,86840;;;;
1983;8;                 102,15700;;;;
1983;9;                 102,36800;;;;
1983;10;                 102,50950;;;;
1983;11;                 102,58720;;;;
1983;12;                 102,60320;;;;
1984;1;                 102,56130;;;;
1984;2;                 102,45010;;;;
1984;3;                 102,26250;;;;
1984;4;                 102,00680;;;;
1984;5;                 101,71270;;;;
1984;6;                 101,40420;;;;
1984;7;                 101,11340;;;;
1984;8;                 100,85900;;;;
1984;9;                 100,65760;;;;
1984;10;                 100,51560;;;;
1984;11;                 100,41940;;;;
1984;12;                 100,34770;;;;
1985;1;                 100,29220;;;;
1985;2;                 100,24000;;;;
1985;3;                 100,19710;;;;
1985;4;                 100,16210;;;;
1985;5;                 100,13120;;;;
1985;6;                 100,10470;;;;
1985;7;                 100,07220;;;;
1985;8;                 100,04290;;;;
1985;9;                 100,02190;;;;
1985;10;                 100,01580;;;;
1985;11;                 100,03100;;;;
1985;12;                 100,06330;;;;
1986;1;                 100,09020;;;;
1986;2;                 100,09960;;;;
1986;3;                 100,09230;;;;
1986;4;                 100,07720;;;;
1986;5;                 100,05940;;;;
1986;6;                 100,02750;;;;
1986;7;                  99,97790;;;;
1986;8;                  99,92560;;;;
1986;9;                  99,88010;;;;
1986;10;                  99,85230;;;;
1986;11;                  99,86490;;;;
1986;12;                  99,94440;;;;
1987;1;                 100,10120;;;;
1987;2;                 100,31200;;;;
1987;3;                 100,53180;;;;
1987;4;                 100,73230;;;;
1987;5;                 100,89810;;;;
1987;6;                 101,01350;;;;
1987;7;                 101,05940;;;;
1987;8;                 101,01490;;;;
1987;9;                 100,88510;;;;
1987;10;                 100,70010;;;;
1987;11;                 100,51300;;;;
1987;12;                 100,38270;;;;
1988;1;                 100,31650;;;;
1988;2;                 100,30540;;;;
1988;3;                 100,33760;;;;
1988;4;                 100,39840;;;;
1988;5;                 100,47470;;;;
1988;6;                 100,54490;;;;
1988;7;                 100,58750;;;;
1988;8;                 100,60680;;;;
1988;9;                 100,61180;;;;
1988;10;                 100,61100;;;;
1988;11;                 100,60510;;;;
1988;12;                 100,58640;;;;
1989;1;                 100,53220;;;;
1989;2;                 100,42420;;;;
1989;3;                 100,26960;;;;
1989;4;                 100,09540;;;;
1989;5;                  99,92830;;;;
1989;6;                  99,79910;;;;
1989;7;                  99,71990;;;;
1989;8;                  99,68900;;;;
1989;9;                  99,69140;;;;
1989;10;                  99,70560;;;;
1989;11;                  99,72910;;;;
1989;12;                  99,75910;;;;
1990;1;                  99,79320;;;;
1990;2;                  99,82350;;;;
1990;3;                  99,82260;;;;
1990;4;                  99,74670;;;;
1990;5;                  99,57420;;;;
1990;6;                  99,28530;;;;
1990;7;                  98,88590;;;;
1990;8;                  98,40730;;;;
1990;9;                  97,92320;;;;
1990;10;                  97,50330;;;;
1990;11;                  97,21380;;;;
1990;12;                  97,10010;;;;
1991;1;                  97,16170;;;;
1991;2;                  97,38130;;;;
1991;3;                  97,70600;;;;
1991;4;                  98,07460;;;;
1991;5;                  98,44380;;;;
1991;6;                  98,78070;;;;
1991;7;                  99,03810;;;;
1991;8;                  99,17700;;;;
1991;9;                  99,20410;;;;
1991;10;                  99,15230;;;;
1991;11;                  99,07640;;;;
1991;12;                  99,04070;;;;
1992;1;                  99,08990;;;;
1992;2;                  99,21580;;;;
1992;3;                  99,38630;;;;
1992;4;                  99,54110;;;;
1992;5;                  99,63960;;;;
1992;6;                  99,66960;;;;
1992;7;                  99,65920;;;;
1992;8;                  99,64980;;;;
1992;9;                  99,68440;;;;
1992;10;                  99,78720;;;;
1992;11;                  99,93570;;;;
1992;12;                 100,06880;;;;
1993;1;                 100,13370;;;;
1993;2;                 100,11680;;;;
1993;3;                 100,02470;;;;
1993;4;                  99,88910;;;;
1993;5;                  99,73120;;;;
1993;6;                  99,59820;;;;
1993;7;                  99,52530;;;;
1993;8;                  99,53840;;;;
1993;9;                  99,64340;;;;
1993;10;                  99,83030;;;;
1993;11;                 100,06780;;;;
1993;12;                 100,33090;;;;
1994;1;                 100,57720;;;;
1994;2;                 100,77820;;;;
1994;3;                 100,92920;;;;
1994;4;                 101,02560;;;;
1994;5;                 101,06920;;;;
1994;6;                 101,06600;;;;
1994;7;                 101,03070;;;;
1994;8;                 100,97860;;;;
1994;9;                 100,91110;;;;
1994;10;                 100,82060;;;;
1994;11;                 100,68400;;;;
1994;12;                 100,49020;;;;
1995;1;                 100,23360;;;;
1995;2;                  99,91630;;;;
1995;3;                  99,56960;;;;
1995;4;                  99,24680;;;;
1995;5;                  98,99190;;;;
1995;6;                  98,82200;;;;
1995;7;                  98,72370;;;;
1995;8;                  98,66230;;;;
1995;9;                  98,60910;;;;
1995;10;                  98,56450;;;;
1995;11;                  98,54310;;;;
1995;12;                  98,55990;;;;
1996;1;                  98,62640;;;;
1996;2;                  98,74980;;;;
1996;3;                  98,91810;;;;
1996;4;                  99,09580;;;;
1996;5;                  99,26220;;;;
1996;6;                  99,39760;;;;
1996;7;                  99,49240;;;;
1996;8;                  99,56760;;;;
1996;9;                  99,63920;;;;
1996;10;                  99,71210;;;;
1996;11;                  99,79490;;;;
1996;12;                  99,88370;;;;
1997;1;                  99,98780;;;;
1997;2;                 100,11560;;;;
1997;3;                 100,25340;;;;
1997;4;                 100,39650;;;;
1997;5;                 100,53940;;;;
1997;6;                 100,67630;;;;
1997;7;                 100,79610;;;;
1997;8;                 100,88230;;;;
1997;9;                 100,93990;;;;
1997;10;                 100,97040;;;;
1997;11;                 100,96820;;;;
1997;12;                 100,93210;;;;
1998;1;                 100,88020;;;;
1998;2;                 100,81220;;;;
1998;3;                 100,71000;;;;
1998;4;                 100,57060;;;;
1998;5;                 100,39580;;;;
1998;6;                 100,19710;;;;
1998;7;                 100,00540;;;;
1998;8;                  99,84510;;;;
1998;9;                  99,74830;;;;
1998;10;                  99,74980;;;;
1998;11;                  99,85280;;;;
1998;12;                 100,02060;;;;
1999;1;                 100,22770;;;;
1999;2;                 100,43840;;;;
1999;3;                 100,62800;;;;
1999;4;                 100,79410;;;;
1999;5;                 100,93640;;;;
1999;6;                 101,04460;;;;
1999;7;                 101,12210;;;;
1999;8;                 101,17860;;;;
1999;9;                 101,22820;;;;
1999;10;                 101,27940;;;;
1999;11;                 101,33280;;;;
1999;12;                 101,37030;;;;
2000;1;                 101,36550;;;;
2000;2;                 101,30180;;;;
2000;3;                 101,20680;;;;
2000;4;                 101,08940;;;;
2000;5;                 100,94410;;;;
2000;6;                 100,78000;;;;
2000;7;                 100,59770;;;;
2000;8;                 100,38270;;;;
2000;9;                 100,13190;;;;
2000;10;                  99,82860;;;;
2000;11;                  99,48300;;;;
2000;12;                  99,11020;;;;
2001;1;                  98,76970;;;;
2001;2;                  98,50820;;;;
2001;3;                  98,33850;;;;
2001;4;                  98,25250;;;;
2001;5;                  98,22500;;;;
2001;6;                  98,20090;;;;
2001;7;                  98,15540;;;;
2001;8;                  98,09150;;;;
2001;9;                  98,04990;;;;
2001;10;                  98,10070;;;;
2001;11;                  98,26990;;;;
2001;12;                  98,53630;;;;
2002;1;                  98,84500;;;;
2002;2;                  99,13780;;;;
2002;3;                  99,35820;;;;
2002;4;                  99,45030;;;;
2002;5;                  99,39410;;;;
2002;6;                  99,19820;;;;
2002;7;                  98,91540;;;;
2002;8;                  98,61310;;;;
2002;9;                  98,33220;;;;
2002;10;                  98,11090;;;;
2002;11;                  97,96450;;;;
2002;12;                  97,86610;;;;
2003;1;                  97,79440;;;;
2003;2;                  97,76020;;;;
2003;3;                  97,79600;;;;
2003;4;                  97,92870;;;;
2003;5;                  98,15280;;;;
2003;6;                  98,44120;;;;
2003;7;                  98,77930;;;;
2003;8;                  99,15610;;;;
2003;9;                  99,55990;;;;
2003;10;                  99,96900;;;;
2003;11;                 100,34990;;;;
2003;12;                 100,66910;;;;
2004;1;                 100,90950;;;;
2004;2;                 101,05340;;;;
2004;3;                 101,12030;;;;
2004;4;                 101,12220;;;;
2004;5;                 101,07950;;;;
2004;6;                 101,00180;;;;
2004;7;                 100,89510;;;;
2004;8;                 100,77600;;;;
2004;9;                 100,67160;;;;
2004;10;                 100,60080;;;;
2004;11;                 100,57210;;;;
2004;12;                 100,55880;;;;
2005;1;                 100,52470;;;;
2005;2;                 100,46280;;;;
2005;3;                 100,38460;;;;
2005;4;                 100,32650;;;;
2005;5;                 100,31420;;;;
2005;6;                 100,34540;;;;
2005;7;                 100,39490;;;;
2005;8;                 100,46620;;;;
2005;9;                 100,57300;;;;
2005;10;                 100,72650;;;;
2005;11;                 100,91160;;;;
2005;12;                 101,08780;;;;
2006;1;                 101,22360;;;;
2006;2;                 101,30890;;;;
2006;3;                 101,33810;;;;
2006;4;                 101,30820;;;;
2006;5;                 101,24420;;;;
2006;6;                 101,18600;;;;
2006;7;                 101,15310;;;;
2006;8;                 101,16690;;;;
2006;9;                 101,23370;;;;
2006;10;                 101,33260;;;;
2006;11;                 101,44950;;;;
2006;12;                 101,57430;;;;
2007;1;                 101,69480;;;;
2007;2;                 101,81180;;;;
2007;3;                 101,93240;;;;
2007;4;                 102,04650;;;;
2007;5;                 102,13310;;;;
2007;6;                 102,17800;;;;
2007;7;                 102,16460;;;;
2007;8;                 102,09010;;;;
2007;9;                 101,98220;;;;
2007;10;                 101,86180;;;;
2007;11;                 101,73440;;;;
2007;12;                 101,61190;;;;
2008;1;                 101,48370;;;;
2008;2;                 101,33610;;;;
2008;3;                 101,16880;;;;
2008;4;                 100,96010;;;;
2008;5;                 100,67830;;;;
2008;6;                 100,28530;;;;
2008;7;                  99,74720;;;;
2008;8;                  99,04890;;;;
2008;9;                  98,20440;;;;
2008;10;                  97,27620;;;;
2008;11;                  96,38770;;;;
2008;12;                  95,64030;;;;
2009;1;                  95,09820;;;;
2009;2;                  94,79880;;;;
2009;3;                  94,76000;;;;
2009;4;                  94,97130;;;;
2009;5;                  95,36370;;;;
2009;6;                  95,86570;;;;
2009;7;                  96,41440;;;;
2009;8;                  96,96890;;;;
2009;9;                  97,49820;;;;
2009;10;                  97,98390;;;;
2009;11;                  98,42840;;;;
2009;12;                  98,83670;;;;
2010;1;                  99,18910;;;;
2010;2;                  99,45030;;;;
2010;3;                  99,62440;;;;
2010;4;                  99,69450;;;;
2010;5;                  99,67070;;;;
2010;6;                  99,59260;;;;
2010;7;                  99,52510;;;;
2010;8;                  99,51900;;;;
2010;9;                  99,58640;;;;
2010;10;                  99,71530;;;;
2010;11;                  99,89620;;;;
2010;12;                 100,08920;;;;
2011;1;                 100,25300;;;;
2011;2;                 100,35190;;;;
2011;3;                 100,35010;;;;
2011;4;                 100,24490;;;;
2011;5;                 100,04810;;;;
2011;6;                  99,78170;;;;
2011;7;                  99,49570;;;;
2011;8;                  99,25390;;;;
2011;9;                  99,12670;;;;
2011;10;                  99,14510;;;;
2011;11;                  99,28890;;;;
2011;12;                  99,50560;;;;
2012;1;                  99,72220;;;;
2012;2;                  99,87400;;;;
2012;3;                  99,93390;;;;
2012;4;                  99,90560;;;;
2012;5;                  99,81260;;;;
2012;6;                  99,69590;;;;
2012;7;                  99,60690;;;;
2012;8;                  99,57250;;;;
2012;9;                  99,60580;;;;
2012;10;                  99,68000;;;;
2012;11;                  99,77690;;;;
2012;12;                  99,89900;;;;
2013;1;                 100,04120;;;;
2013;2;                 100,18640;;;;
2013;3;                 100,30850;;;;
2013;4;                 100,42270;;;;
2013;5;                 100,53580;;;;
2013;6;                 100,62500;;;;
2013;7;                 100,67890;;;;
2013;8;                 100,71050;;;;
2013;9;                 100,72310;;;;
2013;10;                 100,72680;;;;
2013;11;                 100,73040;;;;
2013;12;                 100,72330;;;;
2014;1;                 100,71130;;;;
2014;2;                 100,72830;;;;
2014;3;                 100,77470;;;;
2014;4;                 100,83230;;;;
2014;5;                 100,88310;;;;
2014;6;                 100,92050;;;;
2014;7;                 100,93970;;;;
2014;8;                 100,94330;;;;
2014;9;                 100,93260;;;;
2014;10;                 100,90410;;;;
2014;11;                 100,85790;;;;
2014;12;                 100,78870;;;;
2015;1;                 100,69740;;;;
2015;2;                 100,59080;;;;
2015;3;                 100,47930;;;;
2015;4;                 100,36810;;;;
2015;5;                 100,25060;;;;
2015;6;                 100,12260;;;;
2015;7;                  99,96280;;;;
2015;8;                  99,78340;;;;
2015;9;                  99,61050;;;;
2015;10;                  99,46800;;;;
2015;11;                  99,34820;;;;
2015;12;                  99,24390;;;;
2016;1;                  99,15890;;;;
2016;2;                  99,10050;;;;
2016;3;                  99,07880;;;;
2016;4;                  99,07610;;;;
2016;5;                  99,07610;;;;
2016;6;                  99,07270;;;;
2016;7;                  99,08420;;;;
2016;8;                  99,12410;;;;
2016;9;                  99,20710;;;;
2016;10;                  99,33050;;;;
2016;11;                  99,48150;;;;
2016;12;                  99,63750;;;;
2017;1;                  99,76440;;;;
2017;2;                  99,84850;;;;
2017;3;                  99,88930;;;;
2017;4;                  99,90300;;;;
2017;5;                  99,91040;;;;
2017;6;                  99,92630;;;;
2017;7;                  99,95760;;;;
2017;8;                 100,02970;;;;
2017;9;                 100,13350;;;;
2017;10;                 100,25660;;;;
2017;11;                 100,38170;;;;
2017;12;                 100,50560;;;;
2018;1;                 100,62800;;;;
2018;2;                 100,73990;;;;
2018;3;                 100,81290;;;;
2018;4;                 100,83860;;;;
2018;5;                 100,82660;;;;
2018;6;                 100,78360;;;;
2018;7;                 100,71180;;;;
2018;8;                 100,61410;;;;
2018;9;                 100,47530;;;;
2018;10;                 100,28960;;;;
2018;11;                 100,07340;;;;
2018;12;                  99,84980;;;;
2019;1;                  99,64160;;;;
2019;2;                  99,46720;;;;
2019;3;                  99,32820;;;;
2019;4;                  99,20250;;;;
2019;5;                  99,08610;;;;
2019;6;                  98,97950;;;;
2019;7;                  98,89020;;;;
2019;8;                  98,83050;;;;
2019;9;                  98,82960;;;;
2019;10;                  98,88450;;;;
2019;11;                  98,96960;;;;
2019;12;                  99,05180;;;;
2020;1;                  99,09210;;;;
2020;2;                  99,06020;;;;
2020;3;                  97,66240;;;;
2020;4;                  92,63270;;;;
2020;5;                  94,33210;;;;
2020;6;                  96,16550;;;;
2020;7;                  97,71690;;;;
2020;8;                  98,43650;;;;
2020;9;                  98,72670;;;;
2020;10;                  99,08490;;;;
2020;11;                  99,48000;;;;
2020;12;                  99,89780;;;;
2021;1;                 100,27390;;;;
2021;2;                 100,65040;;;;
2021;3;                 100,97960;;;;
2021;4;                 101,25430;;;;
2021;5;                 101,33490;;;;
2021;6;                 101,34180;;;;
2021;7;                 101,29120;;;;
2021;8;                 101,21710;;;;
2021;9;                 101,15440;;;;
2021;10;                 101,10840;;;;
2021;11;                 101,07070;;;;
2021;12;                 101,02100;;;;
2022;1;                 100,93920;;;;
2022;2;                 100,81720;;;;
2022;3;                 100,64000;;;;
2022;4;                 100,40650;;;;
2022;5;                 100,12050;;;;
2022;6;                  99,82380;;;;
2022;7;                  99,56420;;;;
2022;8;                  99,35710;;;;
2022;9;                  99,18690;;;;
2022;10;                  99,04440;;;;
2022;11;                  98,93190;;;;
2022;12;                  98,86260;;;;
2023;1;                  98,83160;;;;
2023;2;                  98,82180;;;;
2023;3;                  98,83830;;;;
2023;4;                  98,90680;;;;
2023;5;                  99,01180;;;;
2023;6;                  99,14060;;;;
2023;7;                  99,26010;;;;
2023;8;                  99,35200;;;;
2023;9;                  99,41230;;;;
2023;10;                  99,45310;;;;
2023;11;                  99,50710;;;;
2023;12;                  99,58630;;;;
2024;1;                  99,68220;;;;
2024;2;                  99,78080;;;;
 